================================================================================(BernoulliNB(), array([ True, False, False, ..., False, False, False]), array([[ -6.89260449,  -5.51132592],
       [ -3.81229241, -17.24890673],
       [ -2.52917344, -16.65313372],
       ...,
       [ -3.72039163, -16.85183187],
       [ -2.65632186, -16.57695875],
       [ -2.52917344, -16.65313372]]), array([[-1.60542729e+00, -2.24148725e-01],
       [-1.46067039e-06, -1.34366158e+01],
       [-7.34584619e-07, -1.41239610e+01],
       ...,
       [-1.98192645e-06, -1.31314422e+01],
       [-9.00210384e-07, -1.39206378e+01],
       [-7.34584619e-07, -1.41239610e+01]]), array([[2.00803735e-01, 7.99196265e-01],
       [9.99998539e-01, 1.46066933e-06],
       [9.99999265e-01, 7.34584349e-07],
       ...,
       [9.99998018e-01, 1.98192449e-06],
       [9.99999100e-01, 9.00209978e-07],
       [9.99999265e-01, 7.34584349e-07]]), 0.8645995780203651, array([ True,  True,  True, ..., False,  True, False]), array([[ -6.76545607,  -5.58750088],
       [ -8.04857503,  -6.1832739 ],
       [ -6.76545607,  -5.58750088],
       ...,
       [ -5.0035106 , -17.44760489],
       [ -6.76545607,  -5.58750088],
       [ -3.59324321, -16.92800683]]), array([[-1.44638388e+00, -2.68428693e-01],
       [-2.00927123e+00, -1.43970095e-01],
       [-1.44638388e+00, -2.68428693e-01],
       ...,
       [-3.94092039e-06, -1.24440982e+01],
       [-1.44638388e+00, -2.68428693e-01],
       [-1.61728065e-06, -1.33347652e+01]]), array([[2.35420059e-01, 7.64579941e-01],
       [1.34086357e-01, 8.65913643e-01],
       [2.35420059e-01, 7.64579941e-01],
       ...,
       [9.99996059e-01, 3.94091263e-06],
       [2.35420059e-01, 7.64579941e-01],
       [9.99998383e-01, 1.61727934e-06]]), 0.8632496273363146, {'alpha': 1.0, 'binarize': 0.0, 'class_prior': None, 'fit_prior': True, 'force_alpha': 'warn'})
================================================================================
(array([28318., 15286.]), array([-0.43165124, -1.04821151]), array([False,  True]), array([[5.5470e+03, 5.5470e+03, 5.5470e+03, 8.2400e+02, 7.9000e+02,
        1.9170e+03, 0.0000e+00, 0.0000e+00, 0.0000e+00, 0.0000e+00,
        0.0000e+00, 0.0000e+00, 0.0000e+00, 1.0000e+00, 5.5200e+02,
        2.7100e+02, 2.0500e+02, 0.0000e+00, 0.0000e+00, 2.8800e+02,
        1.0000e+00, 0.0000e+00, 6.0000e+00, 0.0000e+00, 4.0000e+00,
        0.0000e+00, 6.0000e+00, 0.0000e+00, 0.0000e+00, 1.0000e+00,
        0.0000e+00, 0.0000e+00, 5.0000e+00, 1.0000e+00, 6.0000e+00,
        5.7000e+01, 6.7000e+01, 2.8318e+04, 2.2173e+04, 2.6469e+04,
        7.2640e+03, 1.0000e+00, 3.0000e+00, 2.8004e+04, 4.0000e+00,
        1.3700e+02, 1.5058e+04, 1.4900e+02],
       [1.4914e+04, 1.4914e+04, 1.4914e+04, 6.7550e+03, 6.2510e+03,
        8.7920e+03, 0.0000e+00, 0.0000e+00, 0.0000e+00, 0.0000e+00,
        0.0000e+00, 0.0000e+00, 1.0000e+01, 8.0000e+00, 3.1420e+03,
        1.3670e+03, 3.8000e+02, 2.6100e+02, 5.6000e+01, 5.9900e+02,
        1.1700e+02, 9.0000e+00, 1.0400e+02, 1.5000e+01, 8.0000e+00,
        8.0000e+00, 6.0000e+00, 2.4000e+01, 4.4000e+01, 6.3000e+01,
        5.6000e+01, 6.0000e+00, 1.3000e+01, 6.4000e+01, 1.4000e+01,
        1.1600e+02, 3.6400e+02, 1.5286e+04, 9.8550e+03, 1.4582e+04,
        6.5990e+03, 7.9400e+02, 2.3100e+02, 1.3034e+04, 8.4000e+01,
        6.0000e+00, 7.3520e+03, 2.5000e+01]]), array([[-1.63013077e+00, -1.63013077e+00, -1.63013077e+00,
        -3.53594016e+00, -3.57802558e+00, -2.69228529e+00,
        -1.02513235e+01, -1.02513235e+01, -1.02513235e+01,
        -1.02513235e+01, -1.02513235e+01, -1.02513235e+01,
        -1.02513235e+01, -9.55817637e+00, -3.93596555e+00,
        -4.64552148e+00, -4.92344738e+00, -1.02513235e+01,
        -1.02513235e+01, -4.58489686e+00, -9.55817637e+00,
        -1.02513235e+01, -8.30541340e+00, -1.02513235e+01,
        -8.64188564e+00, -1.02513235e+01, -8.30541340e+00,
        -1.02513235e+01, -1.02513235e+01, -9.55817637e+00,
        -1.02513235e+01, -1.02513235e+01, -8.45956408e+00,
        -9.55817637e+00, -8.30541340e+00, -6.19088054e+00,
        -6.03181584e+00, -3.53113579e-05, -2.44647837e-01,
        -6.75562526e-02, -1.36049997e+00, -9.55817637e+00,
        -8.86502919e+00, -1.11852032e-02, -8.64188564e+00,
        -5.32406986e+00, -6.31592450e-01, -5.24068825e+00],
       [-2.47007890e-02, -2.47007890e-02, -2.47007890e-02,
        -8.16637208e-01, -8.94166794e-01, -5.53112257e-01,
        -9.63482349e+00, -9.63482349e+00, -9.63482349e+00,
        -9.63482349e+00, -9.63482349e+00, -9.63482349e+00,
        -7.23692821e+00, -7.43759891e+00, -1.58189045e+00,
        -2.41371839e+00, -3.69202411e+00, -4.06647898e+00,
        -5.59177222e+00, -3.23789383e+00, -4.86413886e+00,
        -7.33223839e+00, -4.98086314e+00, -6.86223476e+00,
        -7.43759891e+00, -7.43759891e+00, -7.68891334e+00,
        -6.41594766e+00, -5.82816100e+00, -5.47594040e+00,
        -5.59177222e+00, -7.68891334e+00, -6.99576616e+00,
        -5.46043622e+00, -6.92677328e+00, -4.87264955e+00,
        -3.73492613e+00, -6.54129191e-05, -4.38987800e-01,
        -4.72117402e-02, -8.39998558e-01, -2.95648137e+00,
        -4.18808611e+00, -1.59430160e-01, -5.19217223e+00,
        -7.68891334e+00, -7.31959814e-01, -6.37672695e+00]]), 48, array(['directory_length', 'qty_slash_url', 'qty_slash_directory',
       'qty_dot_directory', 'qty_dot_file', 'file_length',
       'qty_hashtag_directory', 'qty_dollar_file',
       'qty_questionmark_file', 'qty_hashtag_file', 'qty_slash_file',
       'qty_questionmark_directory', 'qty_at_file', 'qty_tilde_file',
       'qty_hyphen_directory', 'qty_underline_directory',
       'qty_underline_file', 'qty_equal_directory',
       'qty_exclamation_directory', 'qty_hyphen_file',
       'qty_and_directory', 'qty_space_directory', 'qty_tilde_directory',
       'qty_dollar_directory', 'qty_plus_file', 'qty_asterisk_file',
       'qty_comma_file', 'qty_asterisk_directory', 'qty_exclamation_file',
       'qty_at_directory', 'qty_equal_file', 'qty_space_file',
       'qty_plus_directory', 'qty_and_file', 'qty_comma_directory',
       'qty_percent_file', 'qty_percent_directory', 'length_url',
       'time_domain_activation', 'asn_ip', 'domain_spf', 'email_in_url',
       'url_shortened', 'tld_present_params', 'domain_in_ip',
       'url_google_index', 'tls_ssl_certificate', 'domain_google_index'],
      dtype=object))
================================================================================
(array([[22788,  5530],
       [  374, 14912]], dtype=int64), [0.8047, 0.1953, 0.0245, 0.9755], 0.8645995780203651, 0.7294785246062029, 0.9755331676043438, 0.8347514554411106, 0.8901255074549722)
--------------------------------------------------------------------------------
(array([[22812,  5582],
       [  381, 14830]], dtype=int64), [0.8034, 0.1966, 0.025, 0.975], 0.8632496273363146, 0.7265334117185969, 0.9749523371244494, 0.8326081464222553, 0.8891807540380293)
================================================================================