================================================================================(DecisionTreeClassifier(random_state=0), array([False, False, False, ..., False, False, False]), array([1402,  400,  609, ...,  555,  614,  604], dtype=int64), {'ccp_alphas': array([0.00000000e+00, 5.43166006e-06, 7.64455860e-06, 1.12419979e-05,
       1.13053331e-05, 1.14319843e-05, 1.14630967e-05, 1.14668379e-05,
       1.37573080e-05, 1.49335563e-05, 1.50796772e-05, 1.50955841e-05,
       1.51113368e-05, 1.51791236e-05, 1.52022472e-05, 1.52145361e-05,
       1.52341204e-05, 1.52433414e-05, 1.52648488e-05, 1.52723895e-05,
       1.52891172e-05, 1.52891172e-05, 1.52891172e-05, 1.52891172e-05,
       1.63099744e-05, 1.72002569e-05, 1.75871179e-05, 1.77031883e-05,
       1.82745661e-05, 1.82782726e-05, 1.82935430e-05, 1.83312595e-05,
       1.83469406e-05, 1.89949035e-05, 1.96574364e-05, 1.96574364e-05,
       2.00669663e-05, 2.03501685e-05, 2.03854896e-05, 2.03854896e-05,
       2.03854896e-05, 2.03854896e-05, 2.06403082e-05, 2.06403082e-05,
       2.06403082e-05, 2.06490951e-05, 2.07495162e-05, 2.08487962e-05,
       2.08487962e-05, 2.08487962e-05, 2.08487962e-05, 2.10225362e-05,
       2.10225362e-05, 2.10225362e-05, 2.10989817e-05, 2.11695469e-05,
       2.11695469e-05, 2.12438260e-05, 2.12955561e-05, 2.12955561e-05,
       2.14047641e-05, 2.14666872e-05, 2.15003211e-05, 2.15003211e-05,
       2.15003211e-05, 2.15003211e-05, 2.15846361e-05, 2.16940177e-05,
       2.17266402e-05, 2.18149599e-05, 2.18912360e-05, 2.18912360e-05,
       2.19365595e-05, 2.20408002e-05, 2.20516114e-05, 2.20516114e-05,
       2.20842804e-05, 2.20842804e-05, 2.21146160e-05, 2.21428594e-05,
       2.21428594e-05, 2.21624838e-05, 2.21692199e-05, 2.21817520e-05,
       2.21938798e-05, 2.22387159e-05, 2.22387159e-05, 2.22387159e-05,
       2.22591559e-05, 2.22784279e-05, 2.22784279e-05, 2.22966293e-05,
       2.23053559e-05, 2.23193809e-05, 2.23301580e-05, 2.23301580e-05,
       2.23301580e-05, 2.23301580e-05, 2.23456328e-05, 2.23743179e-05,
       2.23876359e-05, 2.23876359e-05, 2.24124559e-05, 2.24351176e-05,
       2.24457253e-05, 2.24571649e-05, 2.24624359e-05, 2.24656416e-05,
       2.24750023e-05, 2.24839959e-05, 2.24883617e-05, 2.24926436e-05,
       2.25449694e-05, 2.25514479e-05, 2.25577139e-05, 2.25808500e-05,
       2.25861959e-05, 2.26106663e-05, 2.26237613e-05, 2.26460276e-05,
       2.26505440e-05, 2.26670052e-05, 2.26700703e-05, 2.26947834e-05,
       2.27153798e-05, 2.27213270e-05, 2.27239166e-05, 2.27251878e-05,
       2.27270661e-05, 2.27342525e-05, 2.27428665e-05, 2.27472232e-05,
       2.27552036e-05, 2.27632516e-05, 2.27744142e-05, 2.28310062e-05,
       2.28553382e-05, 2.28611009e-05, 2.28679633e-05, 2.28754685e-05,
       2.29336758e-05, 2.29336758e-05, 2.29336758e-05, 2.29336758e-05,
       2.29336758e-05, 2.29336758e-05, 2.29336758e-05, 2.29336758e-05,
       2.29336758e-05, 2.29336758e-05, 2.29336758e-05, 2.29336758e-05,
       2.29336758e-05, 2.29336758e-05, 2.29336758e-05, 2.29336758e-05,
       2.29741375e-05, 2.30865670e-05, 2.31536619e-05, 2.31954296e-05,
       2.37830712e-05, 2.37984449e-05, 2.44625875e-05, 2.46776440e-05,
       2.47183328e-05, 2.62099152e-05, 2.65011365e-05, 2.69807951e-05,
       2.73458847e-05, 2.75204110e-05, 2.77983949e-05, 2.78285586e-05,
       2.81319757e-05, 2.82260625e-05, 2.83131800e-05, 2.84327519e-05,
       2.85268104e-05, 2.87671612e-05, 2.89253569e-05, 2.89524123e-05,
       2.93117055e-05, 2.94021485e-05, 2.94861546e-05, 2.95723714e-05,
       2.96074968e-05, 2.97095346e-05, 2.99134902e-05, 2.99486825e-05,
       3.00037492e-05, 3.03430172e-05, 3.05782344e-05, 3.05782344e-05,
       3.05782344e-05, 3.05782344e-05, 3.05782344e-05, 3.05782344e-05,
       3.05782344e-05, 3.05782344e-05, 3.05782344e-05, 3.05782344e-05,
       3.05782344e-05, 3.05782344e-05, 3.05782344e-05, 3.05782344e-05,
       3.05782344e-05, 3.05782344e-05, 3.05782344e-05, 3.05782344e-05,
       3.05782344e-05, 3.05782344e-05, 3.05782344e-05, 3.05782344e-05,
       3.05782344e-05, 3.05782344e-05, 3.05782344e-05, 3.05782344e-05,
       3.05782344e-05, 3.05782344e-05, 3.05782344e-05, 3.05782344e-05,
       3.05782344e-05, 3.05782344e-05, 3.05782344e-05, 3.05782344e-05,
       3.05782344e-05, 3.05782344e-05, 3.05782344e-05, 3.05782344e-05,
       3.05782344e-05, 3.05782344e-05, 3.05782344e-05, 3.05782344e-05,
       3.05782344e-05, 3.05782344e-05, 3.08849928e-05, 3.12111990e-05,
       3.13600643e-05, 3.15338042e-05, 3.18932624e-05, 3.19406920e-05,
       3.19509415e-05, 3.21893441e-05, 3.23788924e-05, 3.26167834e-05,
       3.26482170e-05, 3.27623940e-05, 3.27623940e-05, 3.32372113e-05,
       3.35555847e-05, 3.36510472e-05, 3.42818094e-05, 3.44005137e-05,
       3.44005137e-05, 3.44005137e-05, 3.44005137e-05, 3.44005137e-05,
       3.44005137e-05, 3.44005137e-05, 3.44005137e-05, 3.44005137e-05,
       3.44005137e-05, 3.44005137e-05, 3.44005137e-05, 3.44005137e-05,
       3.44005137e-05, 3.44005137e-05, 3.44005137e-05, 3.44005137e-05,
       3.44005137e-05, 3.44005137e-05, 3.44005137e-05, 3.44005137e-05,
       3.44005137e-05, 3.44005137e-05, 3.44175388e-05, 3.47132457e-05,
       3.47479937e-05, 3.47479937e-05, 3.47479937e-05, 3.49465536e-05,
       3.49465536e-05, 3.49465536e-05, 3.49465536e-05, 3.51740702e-05,
       3.52377749e-05, 3.53317104e-05, 3.53805853e-05, 3.55607920e-05,
       3.56746068e-05, 3.56746068e-05, 3.56746068e-05, 3.57956042e-05,
       3.59464133e-05, 3.59979268e-05, 3.62906518e-05, 3.66938813e-05,
       3.66938813e-05, 3.66938813e-05, 3.66938813e-05, 3.66938813e-05,
       3.66938813e-05, 3.66938813e-05, 3.66938813e-05, 3.66938813e-05,
       3.66938813e-05, 3.66938813e-05, 3.66938813e-05, 3.66938813e-05,
       3.66938813e-05, 3.66938813e-05, 3.66938813e-05, 3.67785903e-05,
       3.73983798e-05, 3.75241067e-05, 3.75278331e-05, 3.79645309e-05,
       3.81851351e-05, 3.82227930e-05, 3.82227930e-05, 3.82227930e-05,
       3.82227930e-05, 3.82227930e-05, 3.82227930e-05, 3.82227930e-05,
       3.82227930e-05, 3.82227930e-05, 3.82227930e-05, 3.82227930e-05,
       3.83690004e-05, 3.86481659e-05, 3.87429952e-05, 3.88108360e-05,
       3.88108360e-05, 3.89379804e-05, 3.89712113e-05, 3.91079524e-05,
       3.93148728e-05, 3.93148728e-05, 3.93148728e-05, 3.93148728e-05,
       3.93148728e-05, 3.93148728e-05, 3.93148728e-05, 3.96144147e-05,
       3.97517047e-05, 4.00368676e-05, 4.00435879e-05, 4.01186435e-05,
       4.01339327e-05, 4.01339327e-05, 4.01339327e-05, 4.01339327e-05,
       4.01339327e-05, 4.01339327e-05, 4.01339327e-05, 4.02821130e-05,
       4.02880799e-05, 4.04337193e-05, 4.05874891e-05, 4.07120926e-05,
       4.07709792e-05, 4.07709792e-05, 4.07709792e-05, 4.07709792e-05,
       4.07709792e-05, 4.08363173e-05, 4.09529925e-05, 4.10136636e-05,
       4.10392093e-05, 4.10727381e-05, 4.11286194e-05, 4.12574305e-05,
       4.12806165e-05, 4.12806165e-05, 4.12806165e-05, 4.12806165e-05,
       4.12806165e-05, 4.12806165e-05, 4.13107923e-05, 4.14990324e-05,
       4.15227631e-05, 4.15263344e-05, 4.15280174e-05, 4.16068139e-05,
       4.16782455e-05, 4.16975924e-05, 4.16975924e-05, 4.16975924e-05,
       4.16975924e-05, 4.16975924e-05, 4.18611124e-05, 4.18788863e-05,
       4.19358643e-05, 4.20218366e-05, 4.20450723e-05, 4.20450723e-05,
       4.20450723e-05, 4.20450723e-05, 4.20450723e-05, 4.20814750e-05,
       4.22965381e-05, 4.23390938e-05, 4.23390938e-05, 4.23390938e-05,
       4.23390938e-05, 4.23390938e-05, 4.23700434e-05, 4.23700434e-05,
       4.25911122e-05, 4.25911122e-05, 4.26177483e-05, 4.26905676e-05,
       4.26927010e-05, 4.27277118e-05, 4.27642750e-05, 4.28095282e-05,
       4.28095282e-05, 4.28095282e-05, 4.28095282e-05, 4.29624193e-05,
       4.30006421e-05, 4.30006421e-05, 4.31127702e-05, 4.31692721e-05,
       4.31692721e-05, 4.32877292e-05, 4.33191654e-05, 4.33555681e-05,
       4.34216493e-05, 4.35151797e-05, 4.35481136e-05, 4.35556448e-05,
       4.35739840e-05, 4.37024263e-05, 4.37824720e-05, 4.38663928e-05,
       4.38710362e-05, 4.38731189e-05, 4.39651845e-05, 4.42292319e-05,
       4.42292319e-05, 4.43734326e-05, 4.44019948e-05, 4.44392473e-05,
       4.44589799e-05, 4.44774319e-05, 4.44774319e-05, 4.45560330e-05,
       4.45568559e-05, 4.46505927e-05, 4.46603161e-05, 4.46837725e-05,
       4.47206678e-05, 4.47606649e-05, 4.48249118e-05, 4.48614886e-05,
       4.50333998e-05, 4.51023481e-05, 4.51776170e-05, 4.52716717e-05,
       4.53337339e-05, 4.53817698e-05, 4.54040450e-05, 4.54040450e-05,
       4.55443672e-05, 4.56391558e-05, 4.57104282e-05, 4.58673516e-05,
       4.59567617e-05, 4.62495795e-05, 4.62694355e-05, 4.67435552e-05,
       4.67722068e-05, 4.70059029e-05, 4.70434376e-05, 4.70434376e-05,
       4.73809035e-05, 4.81607192e-05, 4.81607192e-05, 4.82044524e-05,
       4.83875358e-05, 4.86521551e-05, 4.89251751e-05, 5.03517106e-05,
       5.04977700e-05, 5.05865263e-05, 5.10795507e-05, 5.15001843e-05,
       5.15055311e-05, 5.18031265e-05, 5.19829985e-05, 5.24198304e-05,
       5.24198304e-05, 5.25038366e-05, 5.26973261e-05, 5.27407498e-05,
       5.29238673e-05, 5.29853887e-05, 5.30708780e-05, 5.33315486e-05,
       5.42726551e-05, 5.46039900e-05, 5.47280900e-05, 5.48258002e-05,
       5.50408219e-05, 5.50408219e-05, 5.51406692e-05, 5.52381009e-05,
       5.54230499e-05, 5.58178220e-05, 5.59695170e-05, 5.61875057e-05,
       5.62557425e-05, 5.66031525e-05, 5.69225594e-05, 5.73341895e-05,
       5.73341895e-05, 5.76896882e-05, 5.77710214e-05, 5.78159894e-05,
       5.78663441e-05, 5.81357099e-05, 5.84461253e-05, 5.86254133e-05,
       5.90715892e-05, 5.94190691e-05, 5.95438236e-05, 5.95679891e-05,
       5.96145256e-05, 6.00207058e-05, 6.00935890e-05, 6.09827289e-05,
       6.11564688e-05, 6.11564688e-05, 6.11564688e-05, 6.11564688e-05,
       6.11564688e-05, 6.11564688e-05, 6.11564688e-05, 6.12699317e-05,
       6.33770875e-05, 6.44094725e-05, 6.51641677e-05, 6.52335667e-05,
       6.52335667e-05, 6.52727707e-05, 6.53003173e-05, 6.53571152e-05,
       6.55660241e-05, 6.57041752e-05, 6.58150287e-05, 6.58608126e-05,
       6.60708279e-05, 6.66247814e-05, 6.72721157e-05, 6.73995250e-05,
       6.75500997e-05, 6.77425501e-05, 6.81107161e-05, 6.82007789e-05,
       6.85413183e-05, 6.85636188e-05, 6.85815664e-05, 6.88010274e-05,
       6.88010274e-05, 6.88010274e-05, 6.88010274e-05, 6.90459214e-05,
       6.92105574e-05, 6.92695649e-05, 6.93743050e-05, 6.94431551e-05,
       6.97666559e-05, 6.99573472e-05, 7.07496404e-05, 7.07667711e-05,
       7.08675242e-05, 7.13492136e-05, 7.15835153e-05, 7.24800834e-05,
       7.27137042e-05, 7.29315551e-05, 7.33877626e-05, 7.33877626e-05,
       7.33877626e-05, 7.33877626e-05, 7.33877626e-05, 7.34567361e-05,
       7.45940060e-05, 7.46579354e-05, 7.47837255e-05, 7.49166743e-05,
       7.50190153e-05, 7.55220098e-05, 7.64455860e-05, 7.65106461e-05,
       7.66193260e-05, 7.67453726e-05, 7.70696316e-05, 7.77398869e-05,
       7.77936587e-05, 7.81829857e-05, 7.82802801e-05, 7.84874019e-05,
       7.85395927e-05, 7.86430098e-05, 7.89027656e-05, 7.89427818e-05,
       7.91436655e-05, 7.93858009e-05, 7.99391796e-05, 8.08678682e-05,
       8.14749009e-05, 8.15419584e-05, 8.20214830e-05, 8.25612329e-05,
       8.37530475e-05, 8.38030960e-05, 8.38684025e-05, 8.38717287e-05,
       8.46343903e-05, 8.51493305e-05, 8.57366649e-05, 8.58899125e-05,
       8.60258801e-05, 8.65991280e-05, 8.71794096e-05, 8.74091772e-05,
       8.85605496e-05, 8.87618193e-05, 8.90282446e-05, 8.98660334e-05,
       8.98814769e-05, 9.00667995e-05, 9.01253225e-05, 9.06270572e-05,
       9.08879958e-05, 9.11361916e-05, 9.11794563e-05, 9.13269934e-05,
       9.17347032e-05, 9.21414515e-05, 9.24813811e-05, 9.24991591e-05,
       9.30450146e-05, 9.34582037e-05, 9.41258190e-05, 9.44246682e-05,
       9.51650261e-05, 9.52565626e-05, 9.55569825e-05, 9.55631976e-05,
       9.59042532e-05, 9.70279492e-05, 9.77552303e-05, 9.92799819e-05,
       1.00155982e-04, 1.00644576e-04, 1.00859534e-04, 1.02335562e-04,
       1.03201541e-04, 1.03201541e-04, 1.03923230e-04, 1.05089756e-04,
       1.05521435e-04, 1.05685145e-04, 1.05847735e-04, 1.06087941e-04,
       1.06174425e-04, 1.06654518e-04, 1.08074960e-04, 1.09439598e-04,
       1.10141212e-04, 1.10743783e-04, 1.11801670e-04, 1.12904250e-04,
       1.13582918e-04, 1.13856499e-04, 1.14680707e-04, 1.18730488e-04,
       1.19673136e-04, 1.19871668e-04, 1.21177496e-04, 1.21255729e-04,
       1.21574730e-04, 1.22688065e-04, 1.23841849e-04, 1.24368617e-04,
       1.25032216e-04, 1.27066239e-04, 1.27773337e-04, 1.28436804e-04,
       1.28710575e-04, 1.32205425e-04, 1.32817946e-04, 1.36864692e-04,
       1.37100500e-04, 1.37799705e-04, 1.39636111e-04, 1.39786214e-04,
       1.40365762e-04, 1.40409781e-04, 1.41825064e-04, 1.42480548e-04,
       1.42719549e-04, 1.44679572e-04, 1.50402156e-04, 1.52716806e-04,
       1.54500553e-04, 1.55378668e-04, 1.58641797e-04, 1.60719839e-04,
       1.65179485e-04, 1.67310629e-04, 1.68020366e-04, 1.69700579e-04,
       1.70156687e-04, 1.70403568e-04, 1.74410605e-04, 1.74521630e-04,
       1.75726104e-04, 1.77222240e-04, 1.82961551e-04, 1.84397454e-04,
       1.85889420e-04, 1.86879966e-04, 1.89741865e-04, 1.96327093e-04,
       2.08568195e-04, 2.16323500e-04, 2.23333210e-04, 2.23852590e-04,
       2.24249830e-04, 2.26453667e-04, 2.31247898e-04, 2.33797423e-04,
       2.35568242e-04, 2.38514622e-04, 2.38600415e-04, 2.39766531e-04,
       2.45637790e-04, 2.53576847e-04, 2.55490796e-04, 2.56979288e-04,
       2.63553096e-04, 2.73778339e-04, 2.79845742e-04, 2.95859352e-04,
       2.96981281e-04, 3.05878170e-04, 3.06754042e-04, 3.20383856e-04,
       3.26920613e-04, 3.54283995e-04, 3.66889888e-04, 3.89062422e-04,
       4.01039184e-04, 4.02966474e-04, 4.13450886e-04, 4.47066891e-04,
       4.67650744e-04, 4.81622059e-04, 5.06232595e-04, 5.25374075e-04,
       5.43762486e-04, 5.64811893e-04, 5.73721063e-04, 5.89889860e-04,
       6.29744179e-04, 6.42607302e-04, 7.09382212e-04, 8.93879938e-04,
       9.45808627e-04, 1.02424940e-03, 1.04713325e-03, 1.11280980e-03,
       1.15735606e-03, 1.16312143e-03, 1.21916309e-03, 1.55808042e-03,
       1.56930390e-03, 1.65666626e-03, 1.98441570e-03, 2.05275031e-03,
       2.05507153e-03, 2.15352491e-03, 2.70306420e-03, 2.82608757e-03,
       3.67310755e-03, 4.00743295e-03, 1.45485230e-02, 2.08493044e-02,
       2.20862861e-02, 2.66521245e-01]), 'impurities': array([4.58673516e-05, 6.75939919e-05, 7.52385505e-05, 1.20206542e-04,
       1.65427875e-04, 2.11155812e-04, 2.57008199e-04, 2.91408712e-04,
       4.28981792e-04, 4.73782461e-04, 5.19021493e-04, 5.64308245e-04,
       6.09642256e-04, 6.55179626e-04, 7.00786368e-04, 7.46429976e-04,
       7.92132338e-04, 8.37862362e-04, 8.83656908e-04, 9.29474077e-04,
       9.60052311e-04, 9.90630545e-04, 1.02120878e-03, 1.05178701e-03,
       1.28012666e-03, 1.31452717e-03, 1.42004988e-03, 1.50856582e-03,
       1.59993865e-03, 1.69133001e-03, 1.78279773e-03, 1.87445402e-03,
       1.91114791e-03, 2.13908675e-03, 2.17840162e-03, 2.21771649e-03,
       2.25785043e-03, 2.44100194e-03, 2.48177292e-03, 2.52254390e-03,
       2.56331488e-03, 2.60408586e-03, 2.64536648e-03, 2.68664709e-03,
       2.72792771e-03, 2.81052409e-03, 2.89352215e-03, 2.93521975e-03,
       3.01861493e-03, 3.06031252e-03, 3.10201012e-03, 3.14405519e-03,
       3.18610026e-03, 3.22814533e-03, 3.31254126e-03, 3.35488035e-03,
       3.39721945e-03, 3.43970710e-03, 3.48229821e-03, 3.56748044e-03,
       3.61028997e-03, 3.69615671e-03, 3.73915736e-03, 3.78215800e-03,
       3.82515864e-03, 3.86815928e-03, 3.91132855e-03, 3.99810463e-03,
       4.04155791e-03, 4.12881775e-03, 4.17260022e-03, 4.21638269e-03,
       4.26025581e-03, 4.30433741e-03, 4.34844063e-03, 4.39254385e-03,
       4.43671242e-03, 4.48088098e-03, 4.52511021e-03, 4.56939593e-03,
       4.61368165e-03, 4.79098152e-03, 4.83531996e-03, 4.92404696e-03,
       4.96843472e-03, 5.01291216e-03, 5.05738959e-03, 5.27977675e-03,
       5.32429506e-03, 5.36885191e-03, 5.41340877e-03, 5.45800203e-03,
       5.54722345e-03, 5.68113974e-03, 5.72580005e-03, 5.77046037e-03,
       5.81512069e-03, 5.85978100e-03, 5.90447227e-03, 5.94922090e-03,
       5.99399618e-03, 6.03877145e-03, 6.08359636e-03, 6.12846659e-03,
       6.17335804e-03, 6.21827237e-03, 6.35304699e-03, 6.39797827e-03,
       6.44292828e-03, 6.48789627e-03, 6.66780316e-03, 6.71278845e-03,
       6.75787839e-03, 6.80298129e-03, 6.89321214e-03, 6.93837384e-03,
       6.98354623e-03, 7.02876757e-03, 7.07401509e-03, 7.16459920e-03,
       7.20990029e-03, 7.25523430e-03, 7.30057444e-03, 7.34596400e-03,
       7.39139476e-03, 7.43683742e-03, 7.57318092e-03, 7.75498242e-03,
       7.80043655e-03, 7.89137356e-03, 8.07331649e-03, 8.11881094e-03,
       8.20983175e-03, 8.30088476e-03, 8.34643359e-03, 8.43775761e-03,
       8.52917897e-03, 8.57490117e-03, 8.62063710e-03, 8.71213897e-03,
       8.73507265e-03, 8.75800632e-03, 8.78094000e-03, 8.80387367e-03,
       8.84974102e-03, 8.87267470e-03, 8.89560838e-03, 8.91854205e-03,
       8.94147573e-03, 8.96440940e-03, 8.98734308e-03, 9.01027676e-03,
       9.03321043e-03, 9.05614411e-03, 9.07907778e-03, 9.10201146e-03,
       9.14795973e-03, 9.19413287e-03, 9.33305484e-03, 9.84335429e-03,
       9.91470350e-03, 9.96230039e-03, 9.98676298e-03, 1.02335394e-02,
       1.05054411e-02, 1.05840708e-02, 1.06635742e-02, 1.07445166e-02,
       1.08812460e-02, 1.09362869e-02, 1.10196821e-02, 1.13536248e-02,
       1.14380207e-02, 1.15226989e-02, 1.16076384e-02, 1.16929367e-02,
       1.21493656e-02, 1.23795029e-02, 1.24662790e-02, 1.25531362e-02,
       1.25824479e-02, 1.26706544e-02, 1.27001405e-02, 1.27592853e-02,
       1.28481078e-02, 1.29669459e-02, 1.30865999e-02, 1.32363433e-02,
       1.33263545e-02, 1.34173836e-02, 1.34479618e-02, 1.35091183e-02,
       1.35702748e-02, 1.36008530e-02, 1.36314312e-02, 1.36620095e-02,
       1.36925877e-02, 1.37231659e-02, 1.37537442e-02, 1.37843224e-02,
       1.38454789e-02, 1.38760571e-02, 1.39066353e-02, 1.39372136e-02,
       1.39677918e-02, 1.40289483e-02, 1.40595265e-02, 1.40901047e-02,
       1.41206830e-02, 1.41512612e-02, 1.42124177e-02, 1.42429959e-02,
       1.42735741e-02, 1.43041524e-02, 1.43347306e-02, 1.43653088e-02,
       1.43958871e-02, 1.44570435e-02, 1.44876218e-02, 1.45182000e-02,
       1.45487783e-02, 1.45793565e-02, 1.46099347e-02, 1.46405130e-02,
       1.46710912e-02, 1.47016694e-02, 1.47322477e-02, 1.47628259e-02,
       1.47934041e-02, 1.48239824e-02, 1.48545606e-02, 1.48851388e-02,
       1.49157171e-02, 1.49462953e-02, 1.50389503e-02, 1.51013727e-02,
       1.51640928e-02, 1.53217618e-02, 1.55450147e-02, 1.57047181e-02,
       1.57686200e-02, 1.60905134e-02, 1.62200290e-02, 1.62526458e-02,
       1.64158869e-02, 1.64814117e-02, 1.65469365e-02, 1.65801737e-02,
       1.67143960e-02, 1.68153492e-02, 1.68839128e-02, 1.69527138e-02,
       1.69871143e-02, 1.70215148e-02, 1.70559153e-02, 1.70903159e-02,
       1.71247164e-02, 1.71591169e-02, 1.71935174e-02, 1.72279179e-02,
       1.72623184e-02, 1.72967189e-02, 1.73311194e-02, 1.73655200e-02,
       1.74343210e-02, 1.74687215e-02, 1.75031220e-02, 1.75375225e-02,
       1.75719230e-02, 1.76063236e-02, 1.76407241e-02, 1.76751246e-02,
       1.77095251e-02, 1.77439256e-02, 1.79504308e-02, 1.80198573e-02,
       1.80893533e-02, 1.81241013e-02, 1.81935973e-02, 1.82285439e-02,
       1.82634904e-02, 1.82984370e-02, 1.83333835e-02, 1.84389057e-02,
       1.84741435e-02, 1.90394509e-02, 1.90748315e-02, 1.91815138e-02,
       1.92528630e-02, 1.93242123e-02, 1.93955615e-02, 1.95029483e-02,
       1.95748411e-02, 1.97548307e-02, 1.97911214e-02, 1.98278153e-02,
       1.98645092e-02, 1.99012030e-02, 1.99378969e-02, 1.99745908e-02,
       2.00112847e-02, 2.00479786e-02, 2.00846724e-02, 2.01213663e-02,
       2.01580602e-02, 2.01947541e-02, 2.02314480e-02, 2.02681419e-02,
       2.03048357e-02, 2.03415296e-02, 2.03782235e-02, 2.09666809e-02,
       2.11910712e-02, 2.13036435e-02, 2.13786992e-02, 2.14925928e-02,
       2.15307779e-02, 2.15690007e-02, 2.16072235e-02, 2.16454463e-02,
       2.16836691e-02, 2.17218919e-02, 2.17601147e-02, 2.17983375e-02,
       2.18365603e-02, 2.19130059e-02, 2.19512287e-02, 2.19894515e-02,
       2.23347725e-02, 2.24893651e-02, 2.27605661e-02, 2.28381878e-02,
       2.29158094e-02, 2.29936854e-02, 2.30716278e-02, 2.31107358e-02,
       2.31500506e-02, 2.31893655e-02, 2.32286804e-02, 2.32679953e-02,
       2.33073101e-02, 2.33466250e-02, 2.33859399e-02, 2.34255543e-02,
       2.35050577e-02, 2.36251683e-02, 2.38253862e-02, 2.40259795e-02,
       2.40661134e-02, 2.41062473e-02, 2.41463813e-02, 2.41865152e-02,
       2.42266491e-02, 2.42667831e-02, 2.43470509e-02, 2.45484615e-02,
       2.45887496e-02, 2.48313519e-02, 2.49125269e-02, 2.49939510e-02,
       2.50347220e-02, 2.50754930e-02, 2.51162640e-02, 2.51570350e-02,
       2.51978059e-02, 2.52386423e-02, 2.53615012e-02, 2.54025149e-02,
       2.54845933e-02, 2.55667388e-02, 2.56901247e-02, 2.57726395e-02,
       2.58552007e-02, 2.58964814e-02, 2.59377620e-02, 2.59790426e-02,
       2.60203232e-02, 2.61028844e-02, 2.61855060e-02, 2.62685041e-02,
       2.63515496e-02, 2.63930760e-02, 2.64761320e-02, 2.65177388e-02,
       2.66010953e-02, 2.66427929e-02, 2.66844905e-02, 2.67261881e-02,
       2.67678857e-02, 2.68095833e-02, 2.68514444e-02, 2.69352021e-02,
       2.69771380e-02, 2.70611817e-02, 2.71032268e-02, 2.71452718e-02,
       2.71873169e-02, 2.72293620e-02, 2.73134521e-02, 2.73555336e-02,
       2.73978301e-02, 2.74401692e-02, 2.74825083e-02, 2.75248474e-02,
       2.75671865e-02, 2.76095256e-02, 2.76518956e-02, 2.76942657e-02,
       2.77368568e-02, 2.77794479e-02, 2.78220657e-02, 2.79074468e-02,
       2.79501395e-02, 2.80783226e-02, 2.81210869e-02, 2.81638964e-02,
       2.82495155e-02, 2.83351345e-02, 2.84635631e-02, 2.86783752e-02,
       2.87213759e-02, 2.87643765e-02, 2.90230531e-02, 2.90662224e-02,
       2.91525609e-02, 2.91958487e-02, 2.92391678e-02, 2.93692345e-02,
       2.94126562e-02, 2.94996866e-02, 2.98045234e-02, 2.99351903e-02,
       2.99787643e-02, 3.00224667e-02, 3.00662492e-02, 3.01101156e-02,
       3.05926970e-02, 3.06365701e-02, 3.06805353e-02, 3.07247645e-02,
       3.07689937e-02, 3.08577406e-02, 3.10353486e-02, 3.10797878e-02,
       3.12576237e-02, 3.13021012e-02, 3.13465786e-02, 3.14356907e-02,
       3.14802475e-02, 3.15695487e-02, 3.16142090e-02, 3.16588928e-02,
       3.17483341e-02, 3.17930948e-02, 3.18379197e-02, 3.19725042e-02,
       3.20175376e-02, 3.21077423e-02, 3.21980975e-02, 3.22433692e-02,
       3.23340366e-02, 3.25609455e-02, 3.26063495e-02, 3.26517536e-02,
       3.27428423e-02, 3.27884815e-02, 3.28341919e-02, 3.28800593e-02,
       3.30179295e-02, 3.31104287e-02, 3.32955064e-02, 3.34357371e-02,
       3.37163703e-02, 3.37633762e-02, 3.38104197e-02, 3.38574631e-02,
       3.40943676e-02, 3.41906891e-02, 3.42870105e-02, 3.43352150e-02,
       3.43836025e-02, 3.44809068e-02, 3.45298320e-02, 3.46305354e-02,
       3.47315310e-02, 3.52373962e-02, 3.52884758e-02, 3.53399760e-02,
       3.53914815e-02, 3.54432846e-02, 3.54952676e-02, 3.56525271e-02,
       3.57049469e-02, 3.57574508e-02, 3.58101481e-02, 3.60211111e-02,
       3.61269588e-02, 3.62329296e-02, 3.62860005e-02, 3.64459951e-02,
       3.65002678e-02, 3.66094758e-02, 3.68283881e-02, 3.71025171e-02,
       3.71575579e-02, 3.72125988e-02, 3.72677394e-02, 3.73229775e-02,
       3.74338236e-02, 3.74896415e-02, 3.76015805e-02, 3.76577680e-02,
       3.80515582e-02, 3.82213677e-02, 3.82782902e-02, 3.83356244e-02,
       3.83929586e-02, 3.86237173e-02, 3.86814884e-02, 3.87393044e-02,
       3.87971707e-02, 3.89715778e-02, 3.90300240e-02, 3.90886494e-02,
       3.92658641e-02, 3.93847023e-02, 3.94442461e-02, 3.95038141e-02,
       3.98018867e-02, 3.99219281e-02, 4.00421153e-02, 4.01640808e-02,
       4.02252372e-02, 4.02863937e-02, 4.03475502e-02, 4.04698631e-02,
       4.05921760e-02, 4.06533325e-02, 4.07144890e-02, 4.07757589e-02,
       4.11560214e-02, 4.12848404e-02, 4.14151687e-02, 4.14804023e-02,
       4.15456359e-02, 4.17414542e-02, 4.19373551e-02, 4.20680693e-02,
       4.21992014e-02, 4.22649056e-02, 4.25281657e-02, 4.25940265e-02,
       4.26600973e-02, 4.28599717e-02, 4.29945159e-02, 4.30619154e-02,
       4.31294655e-02, 4.31972081e-02, 4.33334295e-02, 4.34016303e-02,
       4.35387129e-02, 4.36072765e-02, 4.36758581e-02, 4.37446591e-02,
       4.38134602e-02, 4.38822612e-02, 4.39510622e-02, 4.42962918e-02,
       4.43655024e-02, 4.44347719e-02, 4.47122692e-02, 4.48511555e-02,
       4.49209221e-02, 4.49908795e-02, 4.50616291e-02, 4.51323959e-02,
       4.52741309e-02, 4.53454802e-02, 4.54886472e-02, 4.59960078e-02,
       4.60687215e-02, 4.61416530e-02, 4.62150408e-02, 4.62884286e-02,
       4.63618163e-02, 4.64352041e-02, 4.65085918e-02, 4.66555053e-02,
       4.70284753e-02, 4.71031333e-02, 4.71779170e-02, 4.72528337e-02,
       4.74028717e-02, 4.77804818e-02, 4.78569273e-02, 4.79334380e-02,
       4.80100573e-02, 4.80868027e-02, 4.82409420e-02, 4.86296414e-02,
       4.87074350e-02, 4.87856180e-02, 4.88638983e-02, 4.89423857e-02,
       4.90209253e-02, 4.90995683e-02, 4.91784711e-02, 4.92574139e-02,
       4.93365575e-02, 4.94159433e-02, 4.98955784e-02, 5.00573141e-02,
       5.01387890e-02, 5.02203310e-02, 5.03023525e-02, 5.03849137e-02,
       5.04686668e-02, 5.05524699e-02, 5.06363383e-02, 5.07202100e-02,
       5.08048444e-02, 5.08899937e-02, 5.09757304e-02, 5.12334001e-02,
       5.13194260e-02, 5.14060251e-02, 5.16675634e-02, 5.17549725e-02,
       5.18435331e-02, 5.21098185e-02, 5.21988468e-02, 5.22887128e-02,
       5.23785943e-02, 5.25587279e-02, 5.26488532e-02, 5.31926156e-02,
       5.32835036e-02, 5.34657759e-02, 5.39216732e-02, 5.41043272e-02,
       5.44712660e-02, 5.45634075e-02, 5.46558888e-02, 5.47483880e-02,
       5.48414330e-02, 5.49348912e-02, 5.50290170e-02, 5.51234417e-02,
       5.54089368e-02, 5.55041934e-02, 5.55997503e-02, 5.56953135e-02,
       5.58871220e-02, 5.61782059e-02, 5.64714716e-02, 5.65707516e-02,
       5.66709075e-02, 5.68721967e-02, 5.69730562e-02, 5.70753918e-02,
       5.71785933e-02, 5.72817949e-02, 5.73857181e-02, 5.77009874e-02,
       5.78065088e-02, 5.80178791e-02, 5.81237268e-02, 5.82298148e-02,
       5.83359892e-02, 5.84426437e-02, 5.85507187e-02, 5.86601583e-02,
       5.87702995e-02, 5.89917871e-02, 5.91035887e-02, 5.92164930e-02,
       5.93300759e-02, 5.94439324e-02, 5.95586131e-02, 5.96773436e-02,
       5.97970167e-02, 5.99168884e-02, 6.01592434e-02, 6.02804991e-02,
       6.08883728e-02, 6.12564370e-02, 6.13802788e-02, 6.15046474e-02,
       6.16296796e-02, 6.17567459e-02, 6.18845192e-02, 6.20129560e-02,
       6.23990877e-02, 6.33245257e-02, 6.34573437e-02, 6.38679377e-02,
       6.40050382e-02, 6.41428379e-02, 6.42824741e-02, 6.44222603e-02,
       6.47029918e-02, 6.49838114e-02, 6.51256364e-02, 6.52681170e-02,
       6.54108365e-02, 6.55555161e-02, 6.57059182e-02, 6.58586351e-02,
       6.60131356e-02, 6.63238929e-02, 6.64825347e-02, 6.66432546e-02,
       6.69736135e-02, 6.73082348e-02, 6.74762552e-02, 6.76459558e-02,
       6.78161124e-02, 6.79865160e-02, 6.81609266e-02, 6.85099699e-02,
       6.86856960e-02, 6.88629182e-02, 6.90458798e-02, 6.94146747e-02,
       6.96005641e-02, 6.97874441e-02, 6.99771859e-02, 7.01735130e-02,
       7.03820812e-02, 7.05984047e-02, 7.08217379e-02, 7.12694431e-02,
       7.17179428e-02, 7.19443964e-02, 7.21756443e-02, 7.24094418e-02,
       7.26450100e-02, 7.28835246e-02, 7.31221250e-02, 7.36016581e-02,
       7.38472959e-02, 7.46080264e-02, 7.48635172e-02, 7.51204965e-02,
       7.53840496e-02, 7.56578279e-02, 7.59376737e-02, 7.62335330e-02,
       7.65305143e-02, 7.68363925e-02, 7.74499006e-02, 7.77702844e-02,
       7.80972050e-02, 7.84514890e-02, 7.88183789e-02, 7.92074413e-02,
       8.00095197e-02, 8.04124862e-02, 8.08259371e-02, 8.12730040e-02,
       8.17406547e-02, 8.31855209e-02, 8.36917535e-02, 8.47425016e-02,
       8.52862641e-02, 8.58510760e-02, 8.64247971e-02, 8.70146869e-02,
       8.76444311e-02, 8.82870384e-02, 8.89964206e-02, 8.98903006e-02,
       9.08361092e-02, 9.18603586e-02, 9.29074918e-02, 9.40203016e-02,
       9.51776577e-02, 9.63407791e-02, 9.87791053e-02, 1.01895266e-01,
       1.03464570e-01, 1.05121236e-01, 1.07105652e-01, 1.11211153e-01,
       1.13266224e-01, 1.15419749e-01, 1.20825877e-01, 1.23651965e-01,
       1.27325073e-01, 1.31332506e-01, 1.45881029e-01, 1.66730333e-01,
       1.88816619e-01, 4.55337864e-01])}, <43604x3309 sparse matrix of type '<class 'numpy.int64'>'
	with 689413 stored elements in Compressed Sparse Row format>, array([[1., 0.],
       [1., 0.],
       [1., 0.],
       ...,
       [1., 0.],
       [1., 0.],
       [1., 0.]]), array([[  0., -inf],
       [  0., -inf],
       [  0., -inf],
       ...,
       [  0., -inf],
       [  0., -inf],
       [  0., -inf]]), 0.9999541326483808, array([False,  True, False, ..., False,  True, False]), array([1445, 2313, 1410, ...,  487, 3174,  591], dtype=int64), {'ccp_alphas': array([0.00000000e+00, 3.79555616e-06, 5.44662309e-06, 9.09162178e-06,
       9.17261326e-06, 1.12173016e-05, 1.12320314e-05, 1.43894274e-05,
       1.46240376e-05, 1.46240376e-05, 1.47427392e-05, 1.48390970e-05,
       1.48899292e-05, 1.49889868e-05, 1.50251672e-05, 1.50733985e-05,
       1.51000164e-05, 1.51045646e-05, 1.51088987e-05, 1.51207582e-05,
       1.51358789e-05, 1.51373927e-05, 1.51485027e-05, 1.51558208e-05,
       1.51592739e-05, 1.51901294e-05, 1.51988327e-05, 1.52009001e-05,
       1.52217106e-05, 1.52247968e-05, 1.52437996e-05, 1.52562373e-05,
       1.52563751e-05, 1.52607138e-05, 1.52638866e-05, 1.52714520e-05,
       1.52794697e-05, 1.52864630e-05, 1.52887666e-05, 1.52887666e-05,
       1.52887666e-05, 1.52980513e-05, 1.53024609e-05, 1.66685528e-05,
       1.71998624e-05, 1.71998624e-05, 1.71998624e-05, 1.81403792e-05,
       1.81489573e-05, 1.83233843e-05, 1.83465199e-05, 1.83465199e-05,
       1.83465199e-05, 1.83465199e-05, 1.87634863e-05, 1.95607175e-05,
       1.96569856e-05, 1.96569856e-05, 1.96569856e-05, 1.96569856e-05,
       2.00665061e-05, 2.00665061e-05, 2.03850221e-05, 2.03850221e-05,
       2.03850221e-05, 2.06398349e-05, 2.06398349e-05, 2.06398349e-05,
       2.06398349e-05, 2.08483181e-05, 2.08483181e-05, 2.09389629e-05,
       2.10220540e-05, 2.10220540e-05, 2.10220540e-05, 2.10220540e-05,
       2.11690614e-05, 2.11690614e-05, 2.12950677e-05, 2.14042732e-05,
       2.14042732e-05, 2.14042732e-05, 2.14535918e-05, 2.14998280e-05,
       2.15445030e-05, 2.15841411e-05, 2.15841411e-05, 2.15841411e-05,
       2.15970446e-05, 2.16590860e-05, 2.17261420e-05, 2.17261420e-05,
       2.17366377e-05, 2.17864924e-05, 2.17864924e-05, 2.17864924e-05,
       2.17864924e-05, 2.17996723e-05, 2.18410951e-05, 2.18410951e-05,
       2.18410951e-05, 2.18907340e-05, 2.18907340e-05, 2.18907340e-05,
       2.18907340e-05, 2.18907340e-05, 2.19138988e-05, 2.20511056e-05,
       2.20511056e-05, 2.20837739e-05, 2.21141088e-05, 2.21141088e-05,
       2.21302458e-05, 2.21423516e-05, 2.21605357e-05, 2.21687115e-05,
       2.22164889e-05, 2.22473499e-05, 2.22485782e-05, 2.22586455e-05,
       2.22586455e-05, 2.22684209e-05, 2.22961179e-05, 2.23081792e-05,
       2.23133350e-05, 2.23451204e-05, 2.23738047e-05, 2.24029036e-05,
       2.24119419e-05, 2.24235243e-05, 2.24346031e-05, 2.24553759e-05,
       2.24565575e-05, 2.24744869e-05, 2.25004489e-05, 2.25084619e-05,
       2.25236293e-05, 2.25377507e-05, 2.25444524e-05, 2.25524770e-05,
       2.25748194e-05, 2.25775972e-05, 2.26189971e-05, 2.26189971e-05,
       2.26500246e-05, 2.26577174e-05, 2.26830594e-05, 2.26917483e-05,
       2.27060890e-05, 2.27227540e-05, 2.27443254e-05, 2.27594139e-05,
       2.27596160e-05, 2.27681632e-05, 2.28184841e-05, 2.28421453e-05,
       2.28529640e-05, 2.28620704e-05, 2.28837250e-05, 2.28902842e-05,
       2.28919032e-05, 2.28989098e-05, 2.29331499e-05, 2.29331499e-05,
       2.29331499e-05, 2.29331499e-05, 2.29331499e-05, 2.29331499e-05,
       2.29331499e-05, 2.29331499e-05, 2.29331499e-05, 2.29331499e-05,
       2.29331499e-05, 2.29331499e-05, 2.29331499e-05, 2.29387855e-05,
       2.29680349e-05, 2.29836238e-05, 2.30325381e-05, 2.32454100e-05,
       2.35122698e-05, 2.35234313e-05, 2.37659795e-05, 2.39661746e-05,
       2.43150145e-05, 2.44620265e-05, 2.47896430e-05, 2.52264649e-05,
       2.54812776e-05, 2.65135961e-05, 2.67553415e-05, 2.71274742e-05,
       2.72497311e-05, 2.73900726e-05, 2.74108866e-05, 2.75197798e-05,
       2.75197798e-05, 2.75197798e-05, 2.75197798e-05, 2.75197798e-05,
       2.75197798e-05, 2.75197798e-05, 2.75197798e-05, 2.76524644e-05,
       2.77217961e-05, 2.79186172e-05, 2.85026291e-05, 2.86560603e-05,
       2.86664373e-05, 2.87243493e-05, 2.88160014e-05, 2.91229993e-05,
       2.91876453e-05, 2.93544318e-05, 2.97833115e-05, 2.99694572e-05,
       2.99895037e-05, 3.01034629e-05, 3.04753265e-05, 3.05775332e-05,
       3.05775332e-05, 3.05775332e-05, 3.05775332e-05, 3.05775332e-05,
       3.05775332e-05, 3.05775332e-05, 3.05775332e-05, 3.05775332e-05,
       3.05775332e-05, 3.05775332e-05, 3.05775332e-05, 3.05775332e-05,
       3.05775332e-05, 3.05775332e-05, 3.05775332e-05, 3.05775332e-05,
       3.05775332e-05, 3.05775332e-05, 3.05775332e-05, 3.05775332e-05,
       3.05775332e-05, 3.05775332e-05, 3.05775332e-05, 3.05775332e-05,
       3.05775332e-05, 3.05775332e-05, 3.05775332e-05, 3.05775332e-05,
       3.05775332e-05, 3.05775332e-05, 3.05775332e-05, 3.05775332e-05,
       3.05775332e-05, 3.05775332e-05, 3.05775332e-05, 3.05775332e-05,
       3.05775332e-05, 3.05775332e-05, 3.05775332e-05, 3.05775332e-05,
       3.05775332e-05, 3.05775332e-05, 3.07447264e-05, 3.07464076e-05,
       3.07748076e-05, 3.11828506e-05, 3.12724771e-05, 3.16215974e-05,
       3.20743355e-05, 3.22156153e-05, 3.26160354e-05, 3.26160354e-05,
       3.27616427e-05, 3.27616427e-05, 3.34861685e-05, 3.37742753e-05,
       3.37742753e-05, 3.40008874e-05, 3.40217058e-05, 3.41676079e-05,
       3.43997248e-05, 3.43997248e-05, 3.43997248e-05, 3.43997248e-05,
       3.43997248e-05, 3.43997248e-05, 3.43997248e-05, 3.43997248e-05,
       3.43997248e-05, 3.43997248e-05, 3.43997248e-05, 3.43997248e-05,
       3.43997248e-05, 3.43997248e-05, 3.43997248e-05, 3.43997248e-05,
       3.43997248e-05, 3.43997248e-05, 3.43997248e-05, 3.43997248e-05,
       3.43997248e-05, 3.43997248e-05, 3.43997248e-05, 3.43997248e-05,
       3.43997248e-05, 3.43997248e-05, 3.43997248e-05, 3.43997248e-05,
       3.43997248e-05, 3.43997248e-05, 3.43997248e-05, 3.47471968e-05,
       3.49194863e-05, 3.49457522e-05, 3.49670185e-05, 3.49764566e-05,
       3.54767510e-05, 3.55757838e-05, 3.56620027e-05, 3.56737887e-05,
       3.61060181e-05, 3.62898196e-05, 3.64018252e-05, 3.66550553e-05,
       3.66930398e-05, 3.66930398e-05, 3.66930398e-05, 3.66930398e-05,
       3.66930398e-05, 3.66930398e-05, 3.66930398e-05, 3.66930398e-05,
       3.66930398e-05, 3.66930398e-05, 3.66930398e-05, 3.66930398e-05,
       3.66930398e-05, 3.66930398e-05, 3.66930398e-05, 3.66930398e-05,
       3.66930398e-05, 3.66930398e-05, 3.67735070e-05, 3.68568480e-05,
       3.69114507e-05, 3.69114507e-05, 3.74574781e-05, 3.74574781e-05,
       3.75269725e-05, 3.75269725e-05, 3.75269725e-05, 3.77108410e-05,
       3.77137459e-05, 3.78396973e-05, 3.82219164e-05, 3.82219164e-05,
       3.82219164e-05, 3.82219164e-05, 3.82219164e-05, 3.82219164e-05,
       3.82219164e-05, 3.82219164e-05, 3.82219164e-05, 3.82219164e-05,
       3.82219164e-05, 3.82219164e-05, 3.83718063e-05, 3.85909556e-05,
       3.87679438e-05, 3.89441176e-05, 3.89639395e-05, 3.91070556e-05,
       3.91802325e-05, 3.92024060e-05, 3.93139712e-05, 3.93139712e-05,
       3.93139712e-05, 3.93139712e-05, 3.93139712e-05, 3.93139712e-05,
       3.94231767e-05, 3.94231767e-05, 3.94681436e-05, 3.96659382e-05,
       3.96863351e-05, 3.97110820e-05, 3.97507931e-05, 3.99743838e-05,
       4.00287707e-05, 4.01330123e-05, 4.01330123e-05, 4.01330123e-05,
       4.01330123e-05, 4.01330123e-05, 4.01330123e-05, 4.01330123e-05,
       4.01330123e-05, 4.03149507e-05, 4.03623438e-05, 4.06107862e-05,
       4.07700442e-05, 4.07700442e-05, 4.07700442e-05, 4.07700442e-05,
       4.07700442e-05, 4.07700442e-05, 4.07700442e-05, 4.08075167e-05,
       4.08386662e-05, 4.08627034e-05, 4.08832943e-05, 4.09213646e-05,
       4.09849077e-05, 4.10127230e-05, 4.10551494e-05, 4.12796698e-05,
       4.12796698e-05, 4.12796698e-05, 4.12796698e-05, 4.12796698e-05,
       4.12796698e-05, 4.12796698e-05, 4.12796698e-05, 4.13303444e-05,
       4.13808454e-05, 4.14769442e-05, 4.16828064e-05, 4.16966361e-05,
       4.16966361e-05, 4.16966361e-05, 4.16966361e-05, 4.16966361e-05,
       4.19349026e-05, 4.19654229e-05, 4.19844711e-05, 4.20441081e-05,
       4.20441081e-05, 4.20441081e-05, 4.22892137e-05, 4.23056265e-05,
       4.23381228e-05, 4.23381228e-05, 4.24557287e-05, 4.25513726e-05,
       4.25901355e-05, 4.25901355e-05, 4.25901355e-05, 4.25901355e-05,
       4.25901355e-05, 4.26476120e-05, 4.26754522e-05, 4.28085464e-05,
       4.28085464e-05, 4.28085464e-05, 4.28085464e-05, 4.28085464e-05,
       4.28085464e-05, 4.28358478e-05, 4.28750193e-05, 4.29477314e-05,
       4.29647258e-05, 4.29996560e-05, 4.29996560e-05, 4.29996560e-05,
       4.30300230e-05, 4.30368851e-05, 4.31659546e-05, 4.31682821e-05,
       4.31682821e-05, 4.32132491e-05, 4.32453683e-05, 4.34006547e-05,
       4.34205945e-05, 4.34522840e-05, 4.34522840e-05, 4.34879882e-05,
       4.35475184e-05, 4.35729847e-05, 4.36821902e-05, 4.37185921e-05,
       4.37906904e-05, 4.38277975e-05, 4.39453609e-05, 4.39552039e-05,
       4.39552039e-05, 4.39904943e-05, 4.40316477e-05, 4.41022113e-05,
       4.42175339e-05, 4.42282176e-05, 4.43355519e-05, 4.43374231e-05,
       4.45922359e-05, 4.47196422e-05, 4.47454400e-05, 4.48012102e-05,
       4.48055958e-05, 4.48085304e-05, 4.48294046e-05, 4.48433060e-05,
       4.48470486e-05, 4.48692063e-05, 4.50272821e-05, 4.50323670e-05,
       4.51382632e-05, 4.52015708e-05, 4.52970372e-05, 4.54604033e-05,
       4.55605244e-05, 4.56211074e-05, 4.57214318e-05, 4.58662997e-05,
       4.61025122e-05, 4.62466544e-05, 4.70129572e-05, 4.70423587e-05,
       4.71403636e-05, 4.72112514e-05, 4.72550294e-05, 4.72561876e-05,
       4.77856687e-05, 4.78180572e-05, 4.80504092e-05, 4.80504092e-05,
       4.80840541e-05, 4.81596147e-05, 4.86083068e-05, 4.86486743e-05,
       4.88928974e-05, 4.89240531e-05, 4.89240531e-05, 4.89240531e-05,
       4.89240531e-05, 4.89401172e-05, 4.91424640e-05, 5.03337965e-05,
       5.03933333e-05, 5.04529297e-05, 5.06614129e-05, 5.09468745e-05,
       5.09625553e-05, 5.10187209e-05, 5.11165630e-05, 5.12058388e-05,
       5.15995872e-05, 5.16266282e-05, 5.18374265e-05, 5.19604235e-05,
       5.21207952e-05, 5.29226535e-05, 5.30738611e-05, 5.38291990e-05,
       5.42876531e-05, 5.43644713e-05, 5.43710983e-05, 5.43809667e-05,
       5.44328337e-05, 5.50395597e-05, 5.53671761e-05, 5.56809849e-05,
       5.59132035e-05, 5.61862172e-05, 5.61862172e-05, 5.61862172e-05,
       5.62904588e-05, 5.63507542e-05, 5.63705817e-05, 5.63773268e-05,
       5.64686942e-05, 5.67868473e-05, 5.67868473e-05, 5.69854027e-05,
       5.73328747e-05, 5.73328747e-05, 5.79363786e-05, 5.84795322e-05,
       5.85530832e-05, 5.86788512e-05, 5.89709568e-05, 5.94688053e-05,
       5.99967965e-05, 6.02516392e-05, 6.03096046e-05, 6.06850377e-05,
       6.11550663e-05, 6.11550663e-05, 6.11550663e-05, 6.11550663e-05,
       6.15840587e-05, 6.16719078e-05, 6.18500103e-05, 6.19195046e-05,
       6.19195046e-05, 6.23620142e-05, 6.25449542e-05, 6.25449542e-05,
       6.31207649e-05, 6.35071843e-05, 6.36487419e-05, 6.37031941e-05,
       6.37031941e-05, 6.37308550e-05, 6.41813728e-05, 6.49721351e-05,
       6.55232853e-05, 6.55232853e-05, 6.56722019e-05, 6.57401488e-05,
       6.57858326e-05, 6.58684189e-05, 6.60693127e-05, 6.64728982e-05,
       6.72266298e-05, 6.75485505e-05, 6.77409965e-05, 6.86145048e-05,
       6.87994496e-05, 6.87994496e-05, 6.89905592e-05, 6.92089701e-05,
       6.93727784e-05, 6.98915044e-05, 7.00393529e-05, 7.03549154e-05,
       7.04761022e-05, 7.05081941e-05, 7.11622590e-05, 7.13475774e-05,
       7.13483246e-05, 7.17066378e-05, 7.25466963e-05, 7.26552429e-05,
       7.33860796e-05, 7.33860796e-05, 7.35208734e-05, 7.38831528e-05,
       7.39184563e-05, 7.41644810e-05, 7.42036962e-05, 7.45144415e-05,
       7.48475058e-05, 7.49149562e-05, 7.54126258e-05, 7.56037908e-05,
       7.64438329e-05, 7.68988557e-05, 7.73630942e-05, 7.80435455e-05,
       7.80675590e-05, 7.82735230e-05, 7.89009561e-05, 7.89138358e-05,
       7.91009483e-05, 7.94221640e-05, 7.97818803e-05, 7.99487675e-05,
       8.06462297e-05, 8.11480688e-05, 8.14730324e-05, 8.17254068e-05,
       8.18492427e-05, 8.21435924e-05, 8.25593395e-05, 8.29961614e-05,
       8.30159271e-05, 8.32531155e-05, 8.32531155e-05, 8.35218109e-05,
       8.36213414e-05, 8.36480578e-05, 8.43939915e-05, 8.56170928e-05,
       8.61346179e-05, 8.62095426e-05, 8.65971420e-05, 8.71018722e-05,
       8.77581004e-05, 8.78664746e-05, 8.80924170e-05, 8.86187161e-05,
       8.89603366e-05, 8.90750117e-05, 8.92270987e-05, 8.93499346e-05,
       8.95616536e-05, 9.01475621e-05, 9.01510029e-05, 9.06055430e-05,
       9.18418049e-05, 9.18796068e-05, 9.24970378e-05, 9.25420048e-05,
       9.30728485e-05, 9.52883959e-05, 9.54771871e-05, 9.62245338e-05,
       9.82043025e-05, 9.85579417e-05, 9.97508928e-05, 1.00430000e-04,
       1.00608785e-04, 1.01203059e-04, 1.02223667e-04, 1.04788656e-04,
       1.04926431e-04, 1.05624384e-04, 1.06225566e-04, 1.08464912e-04,
       1.09657173e-04, 1.09666301e-04, 1.09820634e-04, 1.10079119e-04,
       1.10281318e-04, 1.10447277e-04, 1.10734352e-04, 1.10782674e-04,
       1.11191030e-04, 1.11647209e-04, 1.14765965e-04, 1.16082963e-04,
       1.16667544e-04, 1.16892603e-04, 1.20766704e-04, 1.20811232e-04,
       1.22310133e-04, 1.22507407e-04, 1.23161817e-04, 1.23366386e-04,
       1.24673879e-04, 1.25086416e-04, 1.26172558e-04, 1.26678084e-04,
       1.26832412e-04, 1.26919285e-04, 1.27169840e-04, 1.27425512e-04,
       1.28430025e-04, 1.29006153e-04, 1.29600113e-04, 1.29623419e-04,
       1.32160955e-04, 1.32284560e-04, 1.32546314e-04, 1.32684653e-04,
       1.32846319e-04, 1.32881223e-04, 1.33401867e-04, 1.33664508e-04,
       1.35795220e-04, 1.37371482e-04, 1.38959972e-04, 1.40709831e-04,
       1.44044164e-04, 1.46625431e-04, 1.47858466e-04, 1.48989260e-04,
       1.49317053e-04, 1.55686118e-04, 1.58020527e-04, 1.60528072e-04,
       1.61257516e-04, 1.62718885e-04, 1.63005973e-04, 1.64366845e-04,
       1.68315270e-04, 1.73394747e-04, 1.73532128e-04, 1.75601456e-04,
       1.76790081e-04, 1.77018309e-04, 1.77233721e-04, 1.78842071e-04,
       1.81999665e-04, 1.85758514e-04, 1.89985408e-04, 1.92526499e-04,
       1.95248005e-04, 1.95800454e-04, 1.98025722e-04, 1.98865356e-04,
       1.99288254e-04, 1.99312715e-04, 2.00390558e-04, 2.00664275e-04,
       2.02071180e-04, 2.04265041e-04, 2.11820966e-04, 2.13490009e-04,
       2.19165821e-04, 2.26645212e-04, 2.36912420e-04, 2.41903561e-04,
       2.50309543e-04, 2.51838416e-04, 2.52228186e-04, 2.54506282e-04,
       2.61888541e-04, 2.62916244e-04, 2.76908993e-04, 2.78867773e-04,
       3.28137995e-04, 3.29472426e-04, 3.56210450e-04, 3.89431809e-04,
       4.09665112e-04, 4.39664206e-04, 4.40484877e-04, 5.25951127e-04,
       5.38942525e-04, 5.39159949e-04, 5.55782742e-04, 5.82193043e-04,
       5.96529373e-04, 6.38282791e-04, 6.72893053e-04, 7.18062225e-04,
       7.45775767e-04, 7.78038321e-04, 8.28184971e-04, 9.29032648e-04,
       1.10384410e-03, 1.10501147e-03, 1.11030022e-03, 1.16883998e-03,
       1.22836619e-03, 1.41151277e-03, 1.45808093e-03, 1.66298278e-03,
       1.66892620e-03, 1.68258701e-03, 1.82383993e-03, 2.04899968e-03,
       2.36760852e-03, 2.48591308e-03, 3.26047482e-03, 3.38763746e-03,
       4.19215503e-03, 1.37174310e-02, 1.83748323e-02, 2.25027682e-02,
       2.68417550e-01]), 'impurities': array([6.87994496e-05, 9.15727866e-05, 1.13359279e-04, 1.58817388e-04,
       2.04680454e-04, 2.49549660e-04, 2.94477786e-04, 3.37646068e-04,
       3.81518181e-04, 4.25390294e-04, 4.69618511e-04, 5.14135802e-04,
       6.48145165e-04, 6.93112125e-04, 7.38187627e-04, 7.83407822e-04,
       8.28707871e-04, 8.74021565e-04, 9.19348261e-04, 9.64710536e-04,
       1.01011817e-03, 1.05553035e-03, 1.14642137e-03, 1.19188883e-03,
       1.23736665e-03, 1.28293704e-03, 1.32853354e-03, 1.37413624e-03,
       1.41980137e-03, 1.46547576e-03, 1.60266996e-03, 1.64843867e-03,
       1.69420779e-03, 1.73998993e-03, 1.83157325e-03, 1.87738761e-03,
       1.96906443e-03, 2.01492382e-03, 2.04550135e-03, 2.07607888e-03,
       2.12194518e-03, 2.16783934e-03, 2.25965410e-03, 2.44300818e-03,
       2.47740791e-03, 2.51180763e-03, 2.54620736e-03, 2.63690925e-03,
       2.72765404e-03, 2.81927096e-03, 2.85596400e-03, 2.89265704e-03,
       2.92935008e-03, 2.96604312e-03, 2.98480661e-03, 3.12173163e-03,
       3.16104560e-03, 3.20035957e-03, 3.27898751e-03, 3.29864450e-03,
       3.33877751e-03, 3.37891052e-03, 3.41968057e-03, 3.46045061e-03,
       3.50122066e-03, 3.54250033e-03, 3.58378000e-03, 3.62505967e-03,
       3.66633934e-03, 3.70803597e-03, 3.79142924e-03, 3.87518510e-03,
       3.95927331e-03, 4.00131742e-03, 4.04336153e-03, 4.08540564e-03,
       4.12774376e-03, 4.17008188e-03, 4.21267202e-03, 4.25548056e-03,
       4.29828911e-03, 4.34109766e-03, 4.42691202e-03, 4.46991168e-03,
       4.51300069e-03, 4.55616897e-03, 4.59933725e-03, 4.68567381e-03,
       4.72886790e-03, 4.77218608e-03, 4.81563836e-03, 4.85909064e-03,
       4.98951047e-03, 5.03308345e-03, 5.07665644e-03, 5.12022942e-03,
       5.16380241e-03, 5.20740175e-03, 5.25108394e-03, 5.33844832e-03,
       5.38213051e-03, 5.42591198e-03, 5.51347492e-03, 5.55725639e-03,
       5.60103785e-03, 5.64481932e-03, 5.73247492e-03, 5.77657713e-03,
       5.82067934e-03, 5.86484689e-03, 5.90907511e-03, 5.95330332e-03,
       5.99756381e-03, 6.04184852e-03, 6.08616959e-03, 6.13050701e-03,
       6.17493999e-03, 6.26392939e-03, 6.35292370e-03, 6.39744099e-03,
       6.44195828e-03, 6.53103197e-03, 6.57562420e-03, 6.62024056e-03,
       6.66486723e-03, 6.70955747e-03, 6.75430508e-03, 6.93352831e-03,
       6.97835220e-03, 7.02319924e-03, 7.06806845e-03, 7.15788995e-03,
       7.20280307e-03, 7.24775204e-03, 7.29275294e-03, 7.33776986e-03,
       7.38281712e-03, 7.42789262e-03, 7.47298153e-03, 7.51808648e-03,
       7.56323612e-03, 7.65354651e-03, 7.69878450e-03, 7.78926049e-03,
       7.83456054e-03, 7.87987598e-03, 7.97060821e-03, 8.01599171e-03,
       8.06140389e-03, 8.10684940e-03, 8.19782670e-03, 8.24334553e-03,
       8.28886476e-03, 8.33440109e-03, 8.38003805e-03, 8.42572234e-03,
       8.47142827e-03, 8.51715241e-03, 8.56291986e-03, 8.60870043e-03,
       8.70026804e-03, 8.74606586e-03, 8.76899901e-03, 8.79193216e-03,
       8.81486531e-03, 8.88366476e-03, 8.90659791e-03, 8.92953106e-03,
       8.95246421e-03, 8.97539736e-03, 8.99833051e-03, 9.02126366e-03,
       9.04419681e-03, 9.09006311e-03, 9.11299626e-03, 9.15887383e-03,
       9.20480990e-03, 9.34271165e-03, 9.38877672e-03, 9.43526754e-03,
       9.48229208e-03, 9.52933894e-03, 9.60063688e-03, 9.69650158e-03,
       1.00612268e-02, 1.00856888e-02, 1.02096370e-02, 1.02853164e-02,
       1.03617603e-02, 1.04943282e-02, 1.05745943e-02, 1.07102316e-02,
       1.08464803e-02, 1.12025512e-02, 1.13396057e-02, 1.13946452e-02,
       1.14496848e-02, 1.15047244e-02, 1.15597639e-02, 1.16148035e-02,
       1.16698430e-02, 1.17248826e-02, 1.17524024e-02, 1.18077073e-02,
       1.20017599e-02, 1.20855157e-02, 1.21425210e-02, 1.22571452e-02,
       1.23431445e-02, 1.24293176e-02, 1.25157656e-02, 1.26322576e-02,
       1.26614452e-02, 1.28375718e-02, 1.29269218e-02, 1.29868607e-02,
       1.30768292e-02, 1.31671396e-02, 1.32585656e-02, 1.33197206e-02,
       1.33502982e-02, 1.33808757e-02, 1.34114532e-02, 1.34420308e-02,
       1.34726083e-02, 1.35031858e-02, 1.35337634e-02, 1.36254960e-02,
       1.36560735e-02, 1.36866510e-02, 1.37478061e-02, 1.37783836e-02,
       1.38089611e-02, 1.38395387e-02, 1.38701162e-02, 1.39006937e-02,
       1.39924263e-02, 1.40230039e-02, 1.40535814e-02, 1.40841589e-02,
       1.41147365e-02, 1.41453140e-02, 1.41758915e-02, 1.42064691e-02,
       1.42982017e-02, 1.43593567e-02, 1.43899343e-02, 1.44205118e-02,
       1.44510893e-02, 1.45122444e-02, 1.45428219e-02, 1.45733995e-02,
       1.46039770e-02, 1.46345545e-02, 1.46957096e-02, 1.47262871e-02,
       1.47568647e-02, 1.47874422e-02, 1.48180197e-02, 1.48485973e-02,
       1.48791748e-02, 1.49097523e-02, 1.50019865e-02, 1.51557186e-02,
       1.51864934e-02, 1.53112248e-02, 1.53424972e-02, 1.57219564e-02,
       1.57861051e-02, 1.58505363e-02, 1.58831524e-02, 1.59157684e-02,
       1.59812917e-02, 1.60468150e-02, 1.62812181e-02, 1.63149924e-02,
       1.63487667e-02, 1.65187711e-02, 1.66548580e-02, 1.67573608e-02,
       1.67917605e-02, 1.68261602e-02, 1.68949597e-02, 1.69293594e-02,
       1.69637591e-02, 1.69981588e-02, 1.70325586e-02, 1.70669583e-02,
       1.71013580e-02, 1.71357577e-02, 1.71701575e-02, 1.72045572e-02,
       1.72389569e-02, 1.72733566e-02, 1.73077564e-02, 1.73765558e-02,
       1.74109555e-02, 1.74453553e-02, 1.74797550e-02, 1.75141547e-02,
       1.75485544e-02, 1.75829542e-02, 1.76173539e-02, 1.76517536e-02,
       1.76861533e-02, 1.77205531e-02, 1.77549528e-02, 1.77893525e-02,
       1.78237522e-02, 1.78581520e-02, 1.78925517e-02, 1.79620461e-02,
       1.80318851e-02, 1.80668308e-02, 1.81717319e-02, 1.82766612e-02,
       1.85249985e-02, 1.85605743e-02, 1.85962363e-02, 1.86675839e-02,
       1.89564320e-02, 1.89927218e-02, 1.90291236e-02, 1.91024338e-02,
       1.91391268e-02, 1.91758198e-02, 1.92125129e-02, 1.92858990e-02,
       1.93225920e-02, 1.93592850e-02, 1.93959781e-02, 1.94693642e-02,
       1.95060572e-02, 1.95427502e-02, 1.95794433e-02, 1.96161363e-02,
       1.96895224e-02, 1.97262154e-02, 1.97629085e-02, 1.97996015e-02,
       1.98362946e-02, 1.98729876e-02, 1.99833081e-02, 2.00570218e-02,
       2.00939333e-02, 2.01308447e-02, 2.01683022e-02, 2.02432171e-02,
       2.03182711e-02, 2.03933250e-02, 2.04683790e-02, 2.05060898e-02,
       2.07323723e-02, 2.08080517e-02, 2.08462736e-02, 2.08844955e-02,
       2.09227174e-02, 2.09609394e-02, 2.09991613e-02, 2.10373832e-02,
       2.10756051e-02, 2.11138270e-02, 2.11520489e-02, 2.11902709e-02,
       2.12284928e-02, 2.12667147e-02, 2.13050865e-02, 2.14208594e-02,
       2.14983952e-02, 2.17710041e-02, 2.18099680e-02, 2.18490751e-02,
       2.19666158e-02, 2.21626278e-02, 2.22019418e-02, 2.22412557e-02,
       2.22805697e-02, 2.23985116e-02, 2.24378256e-02, 2.24771396e-02,
       2.25165627e-02, 2.25559859e-02, 2.25954541e-02, 2.26351200e-02,
       2.28732380e-02, 2.29129491e-02, 2.29924507e-02, 2.30324251e-02,
       2.31124826e-02, 2.31526156e-02, 2.31927486e-02, 2.32328816e-02,
       2.32730147e-02, 2.33131477e-02, 2.33532807e-02, 2.33934137e-02,
       2.34335467e-02, 2.35141766e-02, 2.36352636e-02, 2.37164852e-02,
       2.37980253e-02, 2.38387953e-02, 2.38795654e-02, 2.39203354e-02,
       2.39611055e-02, 2.40018755e-02, 2.40426456e-02, 2.41242606e-02,
       2.41650993e-02, 2.42059620e-02, 2.42468453e-02, 2.43696094e-02,
       2.47384735e-02, 2.47794862e-02, 2.48205414e-02, 2.48618211e-02,
       2.49031007e-02, 2.49443804e-02, 2.49856601e-02, 2.50269397e-02,
       2.50682194e-02, 2.51094991e-02, 2.51507788e-02, 2.56467429e-02,
       2.57295046e-02, 2.57709815e-02, 2.58960299e-02, 2.59377266e-02,
       2.59794232e-02, 2.60211198e-02, 2.61045131e-02, 2.61462098e-02,
       2.61881447e-02, 2.62720755e-02, 2.63560444e-02, 2.63980886e-02,
       2.64821768e-02, 2.65242209e-02, 2.66510885e-02, 2.67356998e-02,
       2.67780379e-02, 2.68203760e-02, 2.68628317e-02, 2.69904859e-02,
       2.70330760e-02, 2.70756661e-02, 2.71182563e-02, 2.72034365e-02,
       2.72460267e-02, 2.73313219e-02, 2.75020237e-02, 2.75448323e-02,
       2.75876408e-02, 2.76304494e-02, 2.76732579e-02, 2.77160664e-02,
       2.77588750e-02, 2.78445467e-02, 2.79731717e-02, 2.81020149e-02,
       2.81449797e-02, 2.81879793e-02, 2.82739786e-02, 2.83169783e-02,
       2.84030383e-02, 2.84460752e-02, 2.85755731e-02, 2.86187414e-02,
       2.86619096e-02, 2.87051229e-02, 2.87916136e-02, 2.88784149e-02,
       2.89218355e-02, 2.89652878e-02, 2.90521924e-02, 2.91826564e-02,
       2.92262039e-02, 2.93569228e-02, 2.94006050e-02, 2.95317608e-02,
       2.96631329e-02, 2.97507885e-02, 3.02781328e-02, 3.03660432e-02,
       3.04099984e-02, 3.04979794e-02, 3.05420110e-02, 3.05861132e-02,
       3.06745483e-02, 3.07187765e-02, 3.07631121e-02, 3.08074495e-02,
       3.08520417e-02, 3.08967614e-02, 3.09862523e-02, 3.10758547e-02,
       3.11206603e-02, 3.11654688e-02, 3.18379099e-02, 3.19275965e-02,
       3.20172906e-02, 3.20621598e-02, 3.21972416e-02, 3.22422740e-02,
       3.23776888e-02, 3.24680919e-02, 3.25586860e-02, 3.26041464e-02,
       3.26497069e-02, 3.28321914e-02, 3.29236342e-02, 3.29695005e-02,
       3.30156031e-02, 3.31543430e-02, 3.32483689e-02, 3.32954113e-02,
       3.35782535e-02, 3.36254647e-02, 3.38144848e-02, 3.39562534e-02,
       3.40040391e-02, 3.40518571e-02, 3.40999075e-02, 3.41479579e-02,
       3.41960420e-02, 3.42923612e-02, 3.43895778e-02, 3.44868752e-02,
       3.46824468e-02, 3.47313708e-02, 3.47802949e-02, 3.48292189e-02,
       3.48781430e-02, 3.49270831e-02, 3.49762256e-02, 3.50265594e-02,
       3.52281327e-02, 3.53290386e-02, 3.53797000e-02, 3.54306468e-02,
       3.55325720e-02, 3.58897030e-02, 3.59919361e-02, 3.60431420e-02,
       3.60947416e-02, 3.61979948e-02, 3.66126942e-02, 3.66646547e-02,
       3.67688962e-02, 3.68747415e-02, 3.69278154e-02, 3.69816446e-02,
       3.70359323e-02, 3.70902967e-02, 3.74708944e-02, 3.75252754e-02,
       3.76885739e-02, 3.77436134e-02, 3.78543478e-02, 3.79657098e-02,
       3.80216230e-02, 3.80778092e-02, 3.81339954e-02, 3.81901816e-02,
       3.82464721e-02, 3.83591736e-02, 3.85282853e-02, 3.86410400e-02,
       3.88104461e-02, 3.89240198e-02, 3.89808066e-02, 3.90377920e-02,
       3.90951249e-02, 3.91524578e-02, 3.92683305e-02, 3.93852896e-02,
       3.95023958e-02, 3.96197535e-02, 3.97376954e-02, 3.97971642e-02,
       3.99171578e-02, 3.99774094e-02, 4.00377190e-02, 4.02804592e-02,
       4.03416142e-02, 4.04639244e-02, 4.05250794e-02, 4.05862345e-02,
       4.07094026e-02, 4.08327464e-02, 4.10182965e-02, 4.10802160e-02,
       4.11421355e-02, 4.13292215e-02, 4.13917665e-02, 4.15168564e-02,
       4.15799771e-02, 4.16434843e-02, 4.17707818e-02, 4.18344850e-02,
       4.18981882e-02, 4.19619190e-02, 4.20902818e-02, 4.25450867e-02,
       4.26106100e-02, 4.26761333e-02, 4.27418055e-02, 4.28732858e-02,
       4.32022150e-02, 4.32680834e-02, 4.33341527e-02, 4.34006256e-02,
       4.36695321e-02, 4.37370807e-02, 4.38048217e-02, 4.39420507e-02,
       4.40108501e-02, 4.40796496e-02, 4.41486401e-02, 4.42178491e-02,
       4.42872219e-02, 4.43571134e-02, 4.49174282e-02, 4.49877831e-02,
       4.53401636e-02, 4.54106718e-02, 4.54818341e-02, 4.55531817e-02,
       4.56245300e-02, 4.59830632e-02, 4.60556099e-02, 4.61282651e-02,
       4.62016512e-02, 4.62750373e-02, 4.64220790e-02, 4.65698453e-02,
       4.66437638e-02, 4.67920928e-02, 4.68662964e-02, 4.72388687e-02,
       4.73885637e-02, 4.74634786e-02, 4.75388913e-02, 4.76144950e-02,
       4.76909389e-02, 4.77678377e-02, 4.79225639e-02, 4.81566946e-02,
       4.82347621e-02, 4.83913092e-02, 4.84702101e-02, 4.86280378e-02,
       4.87071387e-02, 4.87865609e-02, 4.89461247e-02, 4.90260734e-02,
       4.91873659e-02, 4.93496620e-02, 4.94311351e-02, 4.95128605e-02,
       4.95947097e-02, 4.96768533e-02, 4.97594126e-02, 4.98424088e-02,
       4.99254247e-02, 5.00086778e-02, 5.00919310e-02, 5.04260182e-02,
       5.05932609e-02, 5.08442051e-02, 5.09285991e-02, 5.10142161e-02,
       5.11003508e-02, 5.12727698e-02, 5.13593670e-02, 5.14464689e-02,
       5.15342270e-02, 5.16220934e-02, 5.17101859e-02, 5.18874233e-02,
       5.20653440e-02, 5.21544190e-02, 5.22436461e-02, 5.23329960e-02,
       5.24225577e-02, 5.28732955e-02, 5.31437485e-02, 5.32343540e-02,
       5.33261958e-02, 5.34180754e-02, 5.35105725e-02, 5.36031145e-02,
       5.36961873e-02, 5.38867641e-02, 5.39822413e-02, 5.40784658e-02,
       5.41766701e-02, 5.42752281e-02, 5.43749790e-02, 5.44754090e-02,
       5.48778441e-02, 5.49790472e-02, 5.50812708e-02, 5.52908481e-02,
       5.55007010e-02, 5.56063254e-02, 5.58187765e-02, 5.59272414e-02,
       5.62562130e-02, 5.63658793e-02, 5.64756999e-02, 5.65857790e-02,
       5.68063416e-02, 5.70272362e-02, 5.71379706e-02, 5.73595359e-02,
       5.74707269e-02, 5.76940214e-02, 5.83826171e-02, 5.84987001e-02,
       5.88487027e-02, 5.89655953e-02, 5.90863620e-02, 5.94487957e-02,
       5.95711059e-02, 5.98161207e-02, 5.99392825e-02, 6.00626489e-02,
       6.01873228e-02, 6.04374956e-02, 6.05636682e-02, 6.13237367e-02,
       6.14505691e-02, 6.17044076e-02, 6.18315775e-02, 6.20864285e-02,
       6.22148585e-02, 6.23438647e-02, 6.24734648e-02, 6.28623351e-02,
       6.29944960e-02, 6.31267806e-02, 6.36569658e-02, 6.37896505e-02,
       6.41881894e-02, 6.43210707e-02, 6.44544725e-02, 6.45881370e-02,
       6.48597275e-02, 6.49970990e-02, 6.52750189e-02, 6.54157287e-02,
       6.55597729e-02, 6.59996492e-02, 6.61475077e-02, 6.62964969e-02,
       6.64458140e-02, 6.66015001e-02, 6.67595206e-02, 6.69200487e-02,
       6.70813062e-02, 6.72440251e-02, 6.74070311e-02, 6.77357647e-02,
       6.79040800e-02, 6.80774748e-02, 6.84245390e-02, 6.86001405e-02,
       6.87769306e-02, 6.89539489e-02, 6.98401175e-02, 7.00189595e-02,
       7.02009592e-02, 7.03867177e-02, 7.05767031e-02, 7.07692296e-02,
       7.09644776e-02, 7.11602781e-02, 7.13583038e-02, 7.15571692e-02,
       7.19557457e-02, 7.21550584e-02, 7.23554489e-02, 7.27567775e-02,
       7.29588487e-02, 7.31631137e-02, 7.33749347e-02, 7.35884247e-02,
       7.38075905e-02, 7.40342357e-02, 7.42711481e-02, 7.45130517e-02,
       7.47633612e-02, 7.50151997e-02, 7.52674278e-02, 7.55219341e-02,
       7.57838227e-02, 7.60467389e-02, 7.63236479e-02, 7.66025157e-02,
       7.69306537e-02, 7.72601261e-02, 7.76163366e-02, 7.80057684e-02,
       7.84154335e-02, 7.88550977e-02, 7.92955826e-02, 7.98215337e-02,
       8.08994187e-02, 8.25168986e-02, 8.30726813e-02, 8.36548744e-02,
       8.42514037e-02, 8.48896865e-02, 8.55625796e-02, 8.62806418e-02,
       8.70264176e-02, 8.78044559e-02, 8.86326409e-02, 8.95616735e-02,
       9.06655176e-02, 9.28755406e-02, 9.39858408e-02, 9.51546807e-02,
       9.63830469e-02, 9.77945597e-02, 9.92526406e-02, 1.00915623e-01,
       1.02584550e-01, 1.04267137e-01, 1.06090977e-01, 1.08139976e-01,
       1.10507585e-01, 1.12993498e-01, 1.19514447e-01, 1.22902085e-01,
       1.31286395e-01, 1.45003826e-01, 1.63378658e-01, 1.85881426e-01,
       4.54298976e-01])}, <43605x3309 sparse matrix of type '<class 'numpy.int64'>'
	with 690931 stored elements in Compressed Sparse Row format>, array([[1., 0.],
       [0., 1.],
       [1., 0.],
       ...,
       [1., 0.],
       [0., 1.],
       [1., 0.]]), array([[  0., -inf],
       [-inf,   0.],
       [  0., -inf],
       ...,
       [  0., -inf],
       [-inf,   0.],
       [  0., -inf]]), 0.9494782708405, {'ccp_alpha': 0.0, 'class_weight': None, 'criterion': 'gini', 'max_depth': None, 'max_features': None, 'max_leaf_nodes': None, 'min_impurity_decrease': 0.0, 'min_samples_leaf': 1, 'min_samples_split': 2, 'min_weight_fraction_leaf': 0.0, 'random_state': 0, 'splitter': 'best'}, 28, 1655)
================================================================================
(array([False,  True]), array([6.71630791e-03, 1.71791843e-03, 4.13870269e-04, 2.80785880e-03,
       0.00000000e+00, 0.00000000e+00, 0.00000000e+00, 8.95490794e-05,
       0.00000000e+00, 0.00000000e+00, 0.00000000e+00, 0.00000000e+00,
       0.00000000e+00, 0.00000000e+00, 0.00000000e+00, 0.00000000e+00,
       8.24327954e-05, 1.16340755e-03, 3.04074876e-02, 1.87616664e-02,
       1.02837897e-03, 0.00000000e+00, 0.00000000e+00, 0.00000000e+00,
       0.00000000e+00, 0.00000000e+00, 0.00000000e+00, 0.00000000e+00,
       0.00000000e+00, 0.00000000e+00, 0.00000000e+00, 0.00000000e+00,
       0.00000000e+00, 0.00000000e+00, 0.00000000e+00, 0.00000000e+00,
       1.12385910e-02, 8.22931490e-03, 9.01684017e-04, 7.38030697e-03,
       1.07701939e-03, 1.40104013e-03, 0.00000000e+00, 2.66325194e-04,
       0.00000000e+00, 0.00000000e+00, 9.23474882e-05, 0.00000000e+00,
       0.00000000e+00, 0.00000000e+00, 2.77370006e-04, 0.00000000e+00,
       0.00000000e+00, 0.00000000e+00, 0.00000000e+00, 6.00169952e-01,
       4.82244927e-04, 1.81004828e-03, 5.34952399e-04, 0.00000000e+00,
       0.00000000e+00, 5.03713572e-05, 0.00000000e+00, 0.00000000e+00,
       0.00000000e+00, 0.00000000e+00, 0.00000000e+00, 2.91720362e-04,
       0.00000000e+00, 0.00000000e+00, 4.57932590e-02, 0.00000000e+00,
       4.42770828e-04, 4.41611237e-03, 1.65718589e-04, 1.78035748e-04,
       1.20077175e-04, 1.84208465e-04, 0.00000000e+00, 1.50796734e-04,
       3.01126531e-04, 1.80624564e-04, 7.55570358e-05, 0.00000000e+00,
       9.06684429e-05, 1.52984626e-04, 3.09859040e-03, 5.74008691e-05,
       0.00000000e+00, 0.00000000e+00, 9.94343674e-05, 7.57340004e-04,
       1.00742714e-04, 2.71911593e-02, 3.50412339e-02, 1.05762794e-01,
       1.36630811e-02, 6.00108210e-03, 1.15210933e-02, 1.02482642e-02,
       2.36435372e-02, 5.31466884e-03, 0.00000000e+00, 1.00398049e-04,
       0.00000000e+00, 1.00875634e-04, 2.73663106e-03, 4.91756639e-03,
       0.00000000e+00, 0.00000000e+00, 0.00000000e+00]), 111, 2, 111, array(['qty_dot_url', 'qty_hyphen_url', 'qty_underline_url',
       'qty_slash_url', 'qty_questionmark_url', 'qty_equal_url',
       'qty_at_url', 'qty_and_url', 'qty_exclamation_url',
       'qty_space_url', 'qty_tilde_url', 'qty_comma_url', 'qty_plus_url',
       'qty_asterisk_url', 'qty_hashtag_url', 'qty_dollar_url',
       'qty_percent_url', 'qty_tld_url', 'length_url', 'qty_dot_domain',
       'qty_hyphen_domain', 'qty_underline_domain', 'qty_slash_domain',
       'qty_questionmark_domain', 'qty_equal_domain', 'qty_at_domain',
       'qty_and_domain', 'qty_exclamation_domain', 'qty_space_domain',
       'qty_tilde_domain', 'qty_comma_domain', 'qty_plus_domain',
       'qty_asterisk_domain', 'qty_hashtag_domain', 'qty_dollar_domain',
       'qty_percent_domain', 'qty_vowels_domain', 'domain_length',
       'qty_dot_directory', 'qty_hyphen_directory',
       'qty_underline_directory', 'qty_slash_directory',
       'qty_questionmark_directory', 'qty_equal_directory',
       'qty_at_directory', 'qty_and_directory',
       'qty_exclamation_directory', 'qty_space_directory',
       'qty_tilde_directory', 'qty_comma_directory', 'qty_plus_directory',
       'qty_asterisk_directory', 'qty_hashtag_directory',
       'qty_dollar_directory', 'qty_percent_directory',
       'directory_length', 'qty_dot_file', 'qty_hyphen_file',
       'qty_underline_file', 'qty_slash_file', 'qty_questionmark_file',
       'qty_equal_file', 'qty_at_file', 'qty_and_file',
       'qty_exclamation_file', 'qty_space_file', 'qty_tilde_file',
       'qty_comma_file', 'qty_plus_file', 'qty_asterisk_file',
       'qty_hashtag_file', 'qty_dollar_file', 'qty_percent_file',
       'file_length', 'qty_dot_params', 'qty_hyphen_params',
       'qty_underline_params', 'qty_slash_params',
       'qty_questionmark_params', 'qty_equal_params', 'qty_at_params',
       'qty_and_params', 'qty_exclamation_params', 'qty_space_params',
       'qty_tilde_params', 'qty_comma_params', 'qty_plus_params',
       'qty_asterisk_params', 'qty_hashtag_params', 'qty_dollar_params',
       'qty_percent_params', 'params_length', 'qty_params',
       'time_response', 'asn_ip', 'time_domain_activation',
       'time_domain_expiration', 'qty_ip_resolved', 'qty_nameservers',
       'qty_mx_servers', 'ttl_hostname', 'qty_redirects', 'email_in_url',
       'domain_in_ip', 'server_client_domain', 'tld_present_params',
       'domain_spf', 'tls_ssl_certificate', 'url_google_index',
       'domain_google_index', 'url_shortened'], dtype=object), 1, <sklearn.tree._tree.Tree object at 0x000001B8021A4B90>)
================================================================================
(array([[28318,     0],
       [    2, 15284]], dtype=int64), [1.0, 0.0, 0.0001, 0.9999], 0.9999541326483808, 1.0, 0.9998691613240874, 0.999934576382074, 0.9999345806620437)
--------------------------------------------------------------------------------
(array([[27235,  1159],
       [ 1044, 14167]], dtype=int64), [0.9592, 0.0408, 0.0686, 0.9314], 0.9494782708405, 0.9243768758971682, 0.9313654592071527, 0.9278580083177784, 0.9452734882145506)
================================================================================