================================================================================(BernoulliNB(), array([False, False, False, ..., False, False, False]), array([[ -8.21689925,  -8.94139218],
       [ -8.0938326 , -22.83122061],
       [ -6.12371514, -22.7592405 ],
       ...,
       [-12.22969273, -25.48376507],
       [ -3.98061662, -20.00702501],
       [ -4.99606873, -20.62034751]]), array([[-3.95125315e-01, -1.11961824e+00],
       [-3.97771464e-07, -1.47373884e+01],
       [-5.96050578e-08, -1.66355254e+01],
       ...,
       [-1.75319061e-06, -1.32540741e+01],
       [-1.09602194e-07, -1.60264085e+01],
       [-1.63855834e-07, -1.56242789e+01]]), array([[6.73595622e-01, 3.26404378e-01],
       [9.99999602e-01, 3.97771385e-07],
       [9.99999940e-01, 5.96050565e-08],
       ...,
       [9.99998247e-01, 1.75318907e-06],
       [9.99999890e-01, 1.09602188e-07],
       [9.99999836e-01, 1.63855820e-07]]), 0.8782680488028621, array([False,  True, False, ..., False, False, False]), array([[ -8.08975083,  -9.01756714],
       [-13.62821143, -13.47130356],
       [ -8.08975083,  -9.01756714],
       ...,
       [ -7.92600792, -22.47575913],
       [ -8.08975083,  -9.01756714],
       [ -5.37314   , -21.41901353]]), array([[-3.33192746e-01, -1.26100906e+00],
       [-7.74675474e-01, -6.17767604e-01],
       [-3.33192746e-01, -1.26100906e+00],
       ...,
       [-4.79869595e-07, -1.45497517e+01],
       [-3.33192746e-01, -1.26100906e+00],
       [-1.07489401e-07, -1.60458736e+01]]), array([[7.16632053e-01, 2.83367947e-01],
       [4.60853316e-01, 5.39146684e-01],
       [7.16632053e-01, 2.83367947e-01],
       ...,
       [9.99999520e-01, 4.79869480e-07],
       [7.16632053e-01, 2.83367947e-01],
       [9.99999893e-01, 1.07489395e-07]]), 0.8783167067996789, {'alpha': 1.0, 'binarize': 0.0, 'class_prior': None, 'fit_prior': True, 'force_alpha': 'warn'})
================================================================================
(array([28318., 15286.]), array([-0.43165124, -1.04821151]), array([False,  True]), array([[2.8318e+04, 2.5250e+03, 3.4100e+02, 5.5470e+03, 7.0000e+00,
        3.2100e+02, 1.0000e+00, 1.4300e+02, 2.8000e+01, 0.0000e+00,
        6.0000e+00, 6.0000e+00, 2.9000e+01, 0.0000e+00, 0.0000e+00,
        0.0000e+00, 1.4400e+02, 2.8309e+04, 2.8318e+04, 2.8312e+04,
        1.9730e+03, 2.2000e+01, 0.0000e+00, 0.0000e+00, 0.0000e+00,
        0.0000e+00, 0.0000e+00, 0.0000e+00, 0.0000e+00, 0.0000e+00,
        0.0000e+00, 0.0000e+00, 0.0000e+00, 0.0000e+00, 0.0000e+00,
        0.0000e+00, 2.8257e+04, 2.8318e+04, 8.2400e+02, 5.5200e+02,
        2.7100e+02, 5.5470e+03, 0.0000e+00, 0.0000e+00, 1.0000e+00,
        1.0000e+00, 0.0000e+00, 0.0000e+00, 6.0000e+00, 6.0000e+00,
        5.0000e+00, 0.0000e+00, 0.0000e+00, 0.0000e+00, 6.7000e+01,
        5.5470e+03, 7.9000e+02, 2.8800e+02, 2.0500e+02, 0.0000e+00,
        0.0000e+00, 0.0000e+00, 0.0000e+00, 1.0000e+00, 0.0000e+00,
        0.0000e+00, 1.0000e+00, 6.0000e+00, 4.0000e+00, 0.0000e+00,
        0.0000e+00, 0.0000e+00, 5.7000e+01, 1.9170e+03, 2.0000e+01,
        2.4000e+01, 4.7000e+01, 1.1000e+01, 1.0000e+00, 3.1600e+02,
        0.0000e+00, 1.3800e+02, 0.0000e+00, 0.0000e+00, 0.0000e+00,
        0.0000e+00, 2.4000e+01, 0.0000e+00, 0.0000e+00, 0.0000e+00,
        7.3000e+01, 3.2100e+02, 3.1600e+02, 2.6724e+04, 2.6469e+04,
        2.2173e+04, 2.1470e+04, 2.7149e+04, 2.8205e+04, 2.4352e+04,
        2.7113e+04, 1.0988e+04, 1.0000e+00, 4.0000e+00, 1.2700e+02,
        2.8004e+04, 7.2640e+03, 1.5058e+04, 1.3700e+02, 1.4900e+02,
        3.0000e+00],
       [1.5286e+04, 5.2140e+03, 2.3400e+03, 1.4914e+04, 3.3100e+02,
        3.2710e+03, 8.3200e+02, 1.7300e+03, 7.0000e+01, 1.1000e+01,
        1.0700e+02, 4.1000e+01, 2.8000e+01, 3.1000e+01, 4.0000e+00,
        2.5000e+01, 6.0300e+02, 1.5195e+04, 1.5286e+04, 1.5245e+04,
        2.0450e+03, 9.0000e+00, 0.0000e+00, 0.0000e+00, 0.0000e+00,
        1.0000e+00, 0.0000e+00, 0.0000e+00, 0.0000e+00, 0.0000e+00,
        0.0000e+00, 0.0000e+00, 0.0000e+00, 0.0000e+00, 0.0000e+00,
        0.0000e+00, 1.5047e+04, 1.5286e+04, 6.7550e+03, 3.1420e+03,
        1.3670e+03, 1.4914e+04, 0.0000e+00, 2.6100e+02, 6.3000e+01,
        1.1700e+02, 5.6000e+01, 9.0000e+00, 1.0400e+02, 1.4000e+01,
        1.3000e+01, 2.4000e+01, 0.0000e+00, 1.5000e+01, 3.6400e+02,
        1.4914e+04, 6.2510e+03, 5.9900e+02, 3.8000e+02, 0.0000e+00,
        0.0000e+00, 5.6000e+01, 1.0000e+01, 6.4000e+01, 4.4000e+01,
        6.0000e+00, 8.0000e+00, 6.0000e+00, 8.0000e+00, 8.0000e+00,
        0.0000e+00, 0.0000e+00, 1.1600e+02, 8.7920e+03, 1.5520e+03,
        6.5300e+02, 1.0810e+03, 3.3300e+02, 3.1600e+02, 3.0100e+03,
        7.6400e+02, 1.6160e+03, 1.0000e+01, 0.0000e+00, 3.0000e+00,
        2.7000e+01, 1.5000e+01, 4.0000e+00, 0.0000e+00, 8.0000e+00,
        2.4100e+02, 3.3090e+03, 2.8940e+03, 1.4654e+04, 1.4582e+04,
        9.8550e+03, 9.6480e+03, 1.4875e+04, 1.5249e+04, 1.2751e+04,
        1.4754e+04, 3.9300e+03, 7.9400e+02, 8.4000e+01, 7.6000e+01,
        1.3034e+04, 6.5990e+03, 7.3520e+03, 6.0000e+00, 2.5000e+01,
        2.3100e+02]]), array([[-3.53113579e-05, -2.41693124e+00, -4.41651281e+00,
        -1.63013077e+00, -8.17188201e+00, -4.47677200e+00,
        -9.55817637e+00, -5.28151025e+00, -6.88402772e+00,
        -1.02513235e+01, -8.30541340e+00, -8.30541340e+00,
        -6.85012617e+00, -1.02513235e+01, -1.02513235e+01,
        -1.02513235e+01, -5.27458981e+00, -3.53169702e-04,
        -3.53113579e-05, -2.47205694e-04, -2.66350633e+00,
        -7.11582933e+00, -1.02513235e+01, -1.02513235e+01,
        -1.02513235e+01, -1.02513235e+01, -1.02513235e+01,
        -1.02513235e+01, -1.02513235e+01, -1.02513235e+01,
        -1.02513235e+01, -1.02513235e+01, -1.02513235e+01,
        -1.02513235e+01, -1.02513235e+01, -1.02513235e+01,
        -2.19166548e-03, -3.53113579e-05, -3.53594016e+00,
        -3.93596555e+00, -4.64552148e+00, -1.63013077e+00,
        -1.02513235e+01, -1.02513235e+01, -9.55817637e+00,
        -9.55817637e+00, -1.02513235e+01, -1.02513235e+01,
        -8.30541340e+00, -8.30541340e+00, -8.45956408e+00,
        -1.02513235e+01, -1.02513235e+01, -1.02513235e+01,
        -6.03181584e+00, -1.63013077e+00, -3.57802558e+00,
        -4.58489686e+00, -4.92344738e+00, -1.02513235e+01,
        -1.02513235e+01, -1.02513235e+01, -1.02513235e+01,
        -9.55817637e+00, -1.02513235e+01, -1.02513235e+01,
        -9.55817637e+00, -8.30541340e+00, -8.64188564e+00,
        -1.02513235e+01, -1.02513235e+01, -1.02513235e+01,
        -6.19088054e+00, -2.69228529e+00, -7.20680111e+00,
        -7.03244772e+00, -6.38012254e+00, -7.76641690e+00,
        -9.55817637e+00, -4.49242177e+00, -1.02513235e+01,
        -5.31684961e+00, -1.02513235e+01, -1.02513235e+01,
        -1.02513235e+01, -1.02513235e+01, -7.03244772e+00,
        -1.02513235e+01, -1.02513235e+01, -1.02513235e+01,
        -5.94725845e+00, -4.47677200e+00, -4.49242177e+00,
        -5.79688119e-02, -6.75562526e-02, -2.44647837e-01,
        -2.76865081e-01, -4.21912224e-02, -4.03354756e-03,
        -1.50913224e-01, -4.35180692e-02, -9.46673496e-01,
        -9.55817637e+00, -8.64188564e+00, -5.39929328e+00,
        -1.11852032e-02, -1.36049997e+00, -6.31592450e-01,
        -5.32406986e+00, -5.24068825e+00, -8.86502919e+00],
       [-6.54129191e-05, -1.07552912e+00, -1.87649002e+00,
        -2.47007890e-02, -3.82968852e+00, -1.54166679e+00,
        -2.90978984e+00, -2.17836893e+00, -5.37214361e+00,
        -7.14991684e+00, -4.95269226e+00, -5.89715387e+00,
        -6.26752766e+00, -6.16908758e+00, -8.02538557e+00,
        -6.37672695e+00, -3.23124929e+00, -6.03597161e-03,
        -6.54129191e-05, -2.75103337e-03, -2.01118154e+00,
        -7.33223839e+00, -9.63482349e+00, -9.63482349e+00,
        -9.63482349e+00, -8.94167631e+00, -9.63482349e+00,
        -9.63482349e+00, -9.63482349e+00, -9.63482349e+00,
        -9.63482349e+00, -9.63482349e+00, -9.63482349e+00,
        -9.63482349e+00, -9.63482349e+00, -9.63482349e+00,
        -1.58231149e-02, -6.54129191e-05, -8.16637208e-01,
        -1.58189045e+00, -2.41371839e+00, -2.47007890e-02,
        -9.63482349e+00, -4.06647898e+00, -5.47594040e+00,
        -4.86413886e+00, -5.59177222e+00, -7.33223839e+00,
        -4.98086314e+00, -6.92677328e+00, -6.99576616e+00,
        -6.41594766e+00, -9.63482349e+00, -6.86223476e+00,
        -3.73492613e+00, -2.47007890e-02, -8.94166794e-01,
        -3.23789383e+00, -3.69202411e+00, -9.63482349e+00,
        -9.63482349e+00, -5.59177222e+00, -7.23692821e+00,
        -5.46043622e+00, -5.82816100e+00, -7.68891334e+00,
        -7.43759891e+00, -7.68891334e+00, -7.43759891e+00,
        -7.43759891e+00, -9.63482349e+00, -9.63482349e+00,
        -4.87264955e+00, -5.53112257e-01, -2.28687966e+00,
        -3.15171613e+00, -2.64825703e+00, -3.82368249e+00,
        -3.87592171e+00, -1.62479596e+00, -2.99494765e+00,
        -2.24649563e+00, -7.23692821e+00, -9.63482349e+00,
        -8.24852912e+00, -6.30261898e+00, -6.86223476e+00,
        -8.02538557e+00, -9.63482349e+00, -7.43759891e+00,
        -4.14588576e+00, -1.53012002e+00, -1.66408310e+00,
        -4.22866328e-02, -4.72117402e-02, -4.38987800e-01,
        -4.60213924e-01, -2.73190309e-02, -2.48870388e-03,
        -1.81380085e-01, -3.54861985e-02, -1.35817436e+00,
        -2.95648137e+00, -5.19217223e+00, -5.29101806e+00,
        -1.59430160e-01, -8.39998558e-01, -7.31959814e-01,
        -7.68891334e+00, -6.37672695e+00, -4.18808611e+00]]), 111, array(['qty_dot_url', 'qty_hyphen_url', 'qty_underline_url',
       'qty_slash_url', 'qty_questionmark_url', 'qty_equal_url',
       'qty_at_url', 'qty_and_url', 'qty_exclamation_url',
       'qty_space_url', 'qty_tilde_url', 'qty_comma_url', 'qty_plus_url',
       'qty_asterisk_url', 'qty_hashtag_url', 'qty_dollar_url',
       'qty_percent_url', 'qty_tld_url', 'length_url', 'qty_dot_domain',
       'qty_hyphen_domain', 'qty_underline_domain', 'qty_slash_domain',
       'qty_questionmark_domain', 'qty_equal_domain', 'qty_at_domain',
       'qty_and_domain', 'qty_exclamation_domain', 'qty_space_domain',
       'qty_tilde_domain', 'qty_comma_domain', 'qty_plus_domain',
       'qty_asterisk_domain', 'qty_hashtag_domain', 'qty_dollar_domain',
       'qty_percent_domain', 'qty_vowels_domain', 'domain_length',
       'qty_dot_directory', 'qty_hyphen_directory',
       'qty_underline_directory', 'qty_slash_directory',
       'qty_questionmark_directory', 'qty_equal_directory',
       'qty_at_directory', 'qty_and_directory',
       'qty_exclamation_directory', 'qty_space_directory',
       'qty_tilde_directory', 'qty_comma_directory', 'qty_plus_directory',
       'qty_asterisk_directory', 'qty_hashtag_directory',
       'qty_dollar_directory', 'qty_percent_directory',
       'directory_length', 'qty_dot_file', 'qty_hyphen_file',
       'qty_underline_file', 'qty_slash_file', 'qty_questionmark_file',
       'qty_equal_file', 'qty_at_file', 'qty_and_file',
       'qty_exclamation_file', 'qty_space_file', 'qty_tilde_file',
       'qty_comma_file', 'qty_plus_file', 'qty_asterisk_file',
       'qty_hashtag_file', 'qty_dollar_file', 'qty_percent_file',
       'file_length', 'qty_dot_params', 'qty_hyphen_params',
       'qty_underline_params', 'qty_slash_params',
       'qty_questionmark_params', 'qty_equal_params', 'qty_at_params',
       'qty_and_params', 'qty_exclamation_params', 'qty_space_params',
       'qty_tilde_params', 'qty_comma_params', 'qty_plus_params',
       'qty_asterisk_params', 'qty_hashtag_params', 'qty_dollar_params',
       'qty_percent_params', 'params_length', 'qty_params',
       'time_response', 'asn_ip', 'time_domain_activation',
       'time_domain_expiration', 'qty_ip_resolved', 'qty_nameservers',
       'qty_mx_servers', 'ttl_hostname', 'qty_redirects', 'email_in_url',
       'domain_in_ip', 'server_client_domain', 'tld_present_params',
       'domain_spf', 'tls_ssl_certificate', 'url_google_index',
       'domain_google_index', 'url_shortened'], dtype=object))
================================================================================
(array([[25114,  3204],
       [ 2104, 13182]], dtype=int64), [0.8869, 0.1131, 0.1376, 0.8624], 0.8782680488028621, 0.8044672281215672, 0.862357712939945, 0.8324071735286688, 0.8746070646767669)
--------------------------------------------------------------------------------
(array([[25109,  3285],
       [ 2021, 13190]], dtype=int64), [0.8843, 0.1157, 0.1329, 0.8671], 0.8783167067996789, 0.8006069802731411, 0.8671356255341529, 0.8325443413494918, 0.8757210845850661)
================================================================================